100
500
1247
0 94 197
0 90 221
0 73 31
1 86 11
1 61 37
1 23 173
1 26 200
1 51 59
1 97 242
1 48 79
1 25 123
1 65 99
2 72 38
2 53 249
2 32 137
2 57 42
2 21 223
2 56 143
3 72 50
3 66 58
3 23 244
4 88 195
4 87 214
4 93 131
4 62 196
4 23 50
4 78 107
4 91 36
5 72 112
5 82 111
5 21 102
5 61 100
6 53 222
6 79 16
6 11 176
6 93 186
6 59 151
6 21 25
7 86 115
7 90 14
7 23 170
7 60 5
7 12 84
7 69 192
7 28 148
7 9 156
8 84 8
8 67 106
8 76 237
8 57 130
8 98 34
8 82 117
8 60 76
8 3 104
8 81 158
9 92 64
9 86 60
9 98 140
9 10 242
9 2 68
10 74 204
10 72 199
10 44 164
11 62 121
11 75 48
11 42 35
11 56 182
12 60 215
12 61 48
12 76 166
12 3 129
12 49 248
12 8 110
12 29 4
12 80 151
12 6 205
12 64 164
13 83 8
13 63 130
13 62 23
13 3 113
13 38 184
13 97 77
14 89 122
14 84 146
14 65 234
14 83 123
14 52 179
14 95 175
14 73 133
15 73 210
15 55 236
15 95 247
16 53 190
16 78 208
16 58 128
17 81 33
17 64 181
17 46 66
17 25 10
17 67 150
17 33 118
18 75 33
18 92 23
18 6 165
18 65 123
19 83 109
19 78 26
19 53 168
19 89 0
19 6 160
19 77 225
20 64 209
20 93 240
20 40 142
20 15 75
20 8 67
20 72 59
20 70 20
21 93 37
21 92 47
21 98 218
22 67 128
22 61 152
22 11 170
22 77 28
23 93 200
23 66 236
23 16 235
23 11 133
23 37 39
24 57 199
24 69 49
24 84 59
24 52 199
24 86 202
24 36 227
24 26 181
24 81 172
25 92 186
25 51 148
25 68 182
25 39 87
25 48 12
25 21 140
25 38 202
25 57 118
26 62 194
26 74 146
26 96 228
26 78 145
26 36 13
26 56 149
26 27 131
27 85 3
27 87 107
27 76 235
28 97 135
28 73 97
28 46 178
28 18 19
28 50 74
28 61 188
29 82 90
29 92 210
29 90 93
30 94 43
30 67 209
30 45 120
30 95 59
31 95 214
31 52 25
31 35 158
31 19 50
31 97 174
31 59 249
32 84 184
32 80 51
32 54 109
32 46 199
32 89 237
32 16 31
32 57 34
33 80 139
33 70 211
33 25 76
33 45 93
33 53 129
33 91 73
33 37 60
34 93 202
34 88 218
34 25 202
34 58 213
35 56 98
35 79 225
35 5 181
35 49 231
35 1 44
36 53 89
36 63 244
36 56 107
36 44 38
36 20 6
36 40 140
36 23 235
37 56 247
37 88 148
37 83 212
37 10 240
37 9 111
38 86 187
38 78 100
38 50 149
38 61 90
39 68 204
39 50 231
39 85 103
39 81 49
39 47 209
39 4 152
39 80 5
39 5 149
40 87 235
40 51 86
40 90 32
41 88 211
41 79 112
41 80 165
41 96 71
42 92 205
42 74 200
42 21 162
42 32 234
42 36 141
42 58 95
43 84 137
43 65 210
43 66 176
43 96 238
43 13 244
43 95 30
43 47 85
43 36 58
44 79 96
44 96 188
44 41 223
44 60 116
44 5 159
44 76 212
45 71 179
45 83 19
45 92 128
45 58 29
45 14 81
45 31 191
45 46 245
45 76 54
46 84 219
46 88 226
46 96 184
46 85 174
46 66 128
46 79 1
46 78 247
47 99 125
47 80 200
47 73 225
47 50 100
47 3 191
48 68 180
48 57 148
48 41 122
48 74 190
48 38 150
48 64 91
48 58 209
49 60 108
49 74 171
49 50 133
49 51 219
49 52 236
49 54 27
49 55 216
49 58 208
49 59 169
49 61 218
49 63 112
49 65 239
49 66 59
49 69 171
49 70 219
49 76 180
49 77 204
49 78 174
49 90 12
49 91 36
49 96 201
49 98 68
49 26 24
49 36 27
49 13 214
49 6 216
49 10 86
49 11 123
50 12 243
50 64 104
50 11 103
50 83 39
51 87 61
52 56 202
52 80 59
52 84 100
52 57 241
52 16 9
53 91 152
53 66 4
53 10 14
53 72 61
54 24 160
54 85 77
54 88 85
55 83 132
55 62 249
55 13 182
56 13 18
56 92 50
57 9 107
57 46 120
57 66 177
57 73 27
57 13 89
57 45 126
58 6 242
58 0 90
58 40 114
59 58 45
59 29 42
60 95 174
61 79 52
61 42 77
61 16 58
61 11 179
62 56 84
62 10 245
63 97 87
63 84 4
64 32 166
64 15 230
64 19 149
65 66 185
65 39 43
65 94 96
66 36 243
66 82 6
66 98 132
66 97 88
66 54 97
67 62 8
67 18 6
68 13 82
68 95 76
68 37 19
68 31 214
68 83 135
69 76 145
69 98 153
69 39 122
69 59 153
69 70 159
70 13 31
70 75 152
70 57 129
70 7 49
71 40 11
71 96 194
71 80 103
71 63 160
71 89 52
72 73 44
72 67 219
72 13 229
72 71 0
72 21 51
72 52 29
73 3 102
74 46 198
75 57 190
75 53 166
75 26 60
75 48 77
75 88 229
76 40 219
76 3 125
77 74 219
77 76 178
79 89 215
79 23 200
79 36 66
79 24 50
79 97 237
79 65 207
80 86 25
80 20 61
80 76 156
80 19 126
80 75 112
80 97 225
81 59 90
81 68 115
81 90 157
82 54 39
82 40 159
82 81 101
83 54 153
83 1 74
83 63 163
83 34 71
83 2 3
83 17 207
83 7 53
84 4 168
85 0 96
85 23 197
85 83 64
85 93 146
86 20 174
86 65 187
86 19 113
86 46 40
87 23 35
88 45 239
88 89 69
88 65 74
88 99 167
88 49 175
88 95 224
88 21 237
88 91 248
89 87 95
89 43 144
89 52 119
90 48 234
90 80 81
90 33 122
91 73 4
91 19 140
91 50 102
91 76 9
91 86 35
91 7 163
91 43 133
91 95 9
91 3 124
92 2 3
93 3 74
93 2 174
94 37 198
94 68 128
94 91 202
94 12 213
94 35 222
94 9 78
94 99 76
94 2 142
94 95 192
94 80 144
94 51 31
95 7 51
95 78 1
95 5 245
95 10 91
95 1 152
95 70 107
96 73 88
96 61 88
96 33 71
96 56 66
96 12 20
96 0 190
96 91 78
96 79 166
96 36 98
97 75 149
97 19 160
97 4 5
97 87 13
97 53 195
98 97 73
98 13 97
98 76 40
98 10 96
98 30 19
98 56 231
99 90 26
99 26 33
99 25 220
99 89 208
99 97 126
99 34 223
0 94 37 56
0 94 24 36
37 56 79 65
37 56 69 59
37 56 81 90
37 56 45 76
37 56 71 89
0 90 46 96
0 90 63 84
0 90 26 74
46 96 72 21
46 96 56 13
46 96 98 56
46 96 38 61
46 96 69 59
0 73 49 55
0 73 66 36
49 55 95 1
49 55 55 83
49 55 69 98
49 55 94 9
49 55 69 59
1 86 46 66
1 86 14 52
1 86 20 72
46 66 69 59
46 66 83 7
46 66 90 48
46 66 24 86
1 61 50 64
1 61 17 46
1 61 19 83
50 64 91 76
50 64 90 80
50 64 72 73
50 64 7 9
1 23 49 90
1 23 49 10
1 23 53 66
49 90 75 53
49 90 86 65
49 90 67 18
49 90 79 97
1 26 49 96
1 26 48 41
49 96 81 59
49 96 86 65
49 96 75 88
49 96 17 46
49 96 49 90
1 51 36 20
1 51 16 78
36 20 65 39
36 20 57 13
36 20 61 16
36 20 36 63
36 20 12 49
1 97 52 80
1 97 28 18
52 80 69 98
52 80 75 88
52 80 71 63
52 80 10 72
1 48 49 6
1 48 5 61
1 48 77 74
49 6 57 9
49 6 83 63
49 6 84 4
49 6 26 27
49 6 58 40
1 25 46 88
1 25 64 19
46 88 55 13
46 88 97 75
46 88 58 0
46 88 8 76
46 88 90 48
1 65 39 85
1 65 21 98
1 65 4 62
39 85 80 19
39 85 97 19
39 85 70 57
39 85 34 88
39 85 49 90
2 72 49 52
2 72 33 91
2 72 88 65
49 52 94 12
49 52 69 59
49 52 69 39
49 52 49 66
2 53 37 10
2 53 42 74
37 10 75 57
37 10 85 93
37 10 95 1
37 10 43 65
37 10 97 75
2 32 43 36
2 32 45 14
2 32 32 54
43 36 61 42
43 36 85 83
43 36 58 6
43 36 48 74
43 36 93 2
2 57 36 63
2 57 14 73
2 57 70 7
36 63 73 3
36 63 59 29
36 63 67 18
36 63 15 55
36 63 48 74
2 21 49 60
2 21 19 6
49 60 99 97
49 60 94 12
49 60 71 63
49 60 70 7
49 60 86 65
2 56 49 69
2 56 76 40
2 56 42 58
41 88 95 1
41 88 69 39
41 88 94 95
41 88 1 25
47 3 41 88
47 3 98 10
47 3 85 83
47 3 83 1
47 3 59 29
47 3 33 53
49 69 98 76
49 69 88 45
49 69 47 3
49 69 69 70
49 69 95 5
3 72 48 74
3 72 34 25
48 74 68 37
48 74 71 63
48 74 88 91
48 74 0 73
3 66 45 92
3 66 42 74
3 66 79 24
45 92 94 37
45 92 94 68
45 92 65 94
45 92 74 46
45 92 49 98
3 23 48 58
3 23 43 36
48 58 75 48
48 58 94 12
48 58 86 20
48 58 67 62
48 58 11 62
4 88 49 63
4 88 23 16
49 63 85 0
49 63 81 68
49 63 79 24
49 63 7 90
4 87 51 87
4 87 98 10
51 87 66 36
51 87 58 6
51 87 61 42
51 87 23 66
4 93 53 10
4 93 35 1
4 93 70 75
53 10 66 54
53 10 80 20
53 10 80 19
53 10 49 69
53 10 7 12
4 62 42 92
4 62 88 95
42 92 45 46
42 92 69 98
42 92 99 34
42 92 70 7
45 46 86 46
45 46 90 48
45 46 76 40
45 46 64 19
45 46 72 52
45 46 24 26
4 23 47 50
4 23 26 74
4 23 31 35
43 65 56 13
43 65 80 20
43 65 83 34
43 65 24 84
43 65 5 61
47 50 65 39
47 50 98 97
47 50 43 65
47 50 94 80
47 50 55 83
47 50 91 73
4 78 46 79
4 78 28 61
42 58 55 13
42 58 90 48
42 58 95 10
42 58 58 40
42 58 77 74
46 79 42 58
46 79 81 59
46 79 57 66
46 79 82 54
46 79 49 66
4 91 44 79
4 91 75 26
4 91 8 82
44 79 91 50
44 79 58 40
44 79 70 13
44 79 19 83
44 79 32 16
5 72 47 80
5 72 45 92
47 80 94 2
47 80 93 3
47 80 82 40
47 80 94 9
47 80 43 84
5 82 47 99
5 82 12 6
5 82 59 29
47 99 82 54
47 99 71 80
47 99 58 0
47 99 49 74
47 99 15 95
5 21 49 98
5 21 50 12
49 98 50 11
49 98 88 49
49 98 98 76
49 98 94 51
49 98 48 58
49 98 14 95
50 11 71 40
50 11 61 79
50 11 83 17
50 11 23 11
5 61 49 54
5 61 24 69
49 54 96 33
49 54 88 65
49 54 96 56
49 54 13 97
6 53 49 78
6 53 33 80
49 78 68 31
49 78 58 0
49 78 86 20
49 78 47 80
6 79 44 96
6 79 98 97
44 96 85 23
44 96 86 20
44 96 87 23
44 96 54 85
44 96 31 97
6 11 43 84
6 11 94 37
43 84 53 72
43 84 56 92
43 84 88 49
43 84 88 65
43 84 6 21
53 72 97 75
53 72 97 87
53 72 84 4
53 72 90 48
53 72 62 10
6 93 44 5
6 93 70 7
6 93 16 58
44 5 74 46
44 5 94 95
44 5 88 65
44 5 25 92
6 59 49 66
6 59 8 81
6 59 10 44
49 66 81 59
49 66 88 95
49 66 96 12
49 66 89 43
6 21 40 90
6 21 92 2
6 21 8 81
40 90 57 45
40 90 82 54
40 90 93 3
40 90 76 40
40 90 92 2
7 86 42 32
7 86 37 88
42 32 45 58
42 32 56 92
42 32 49 59
42 32 12 80
45 58 98 10
45 58 95 78
45 58 59 58
45 58 88 65
45 58 91 7
45 58 72 67
7 90 48 68
7 90 32 84
7 90 85 0
48 68 94 68
48 68 62 10
48 68 79 97
48 68 49 36
48 68 83 7
7 23 37 9
7 23 8 82
37 9 38 50
37 9 97 87
37 9 99 25
37 9 99 89
38 50 97 75
38 50 68 83
38 50 88 91
38 50 91 50
38 50 46 66
38 50 42 74
7 60 52 84
7 60 35 49
52 84 80 19
52 84 90 48
52 84 91 50
52 84 49 66
7 12 43 47
7 12 76 3
7 12 47 80
43 47 89 87
43 47 95 10
43 47 73 3
43 47 26 36
43 47 94 9
7 69 38 78
7 69 98 97
38 78 80 19
38 78 80 75
38 78 91 50
38 78 64 32
38 78 66 98
7 28 43 95
7 28 68 83
36 23 63 84
36 23 99 97
36 23 97 4
36 23 79 36
36 23 26 56
36 23 31 52
43 95 75 88
43 95 36 23
43 95 91 19
43 95 13 62
43 95 49 10
7 9 45 14
7 9 25 51
7 9 49 36
45 14 64 19
45 14 98 10
45 14 88 95
45 14 31 35
45 14 49 98
8 84 37 88
8 84 33 91
8 84 20 15
37 88 48 41
37 88 55 13
37 88 97 19
37 88 88 89
37 88 34 58
37 88 61 11
48 41 86 46
48 41 96 61
48 41 63 84
48 41 96 56
8 67 49 51
8 67 12 76
49 51 69 39
49 51 83 34
49 51 94 12
49 51 85 83
49 51 36 63
8 76 48 38
8 76 49 11
8 76 46 96
48 38 49 36
48 38 57 46
48 38 85 83
48 38 55 83
48 38 46 96
48 38 48 74
49 36 99 26
49 36 91 7
49 36 71 96
49 36 91 43
8 57 37 83
8 57 69 76
37 83 95 78
37 83 79 36
37 83 54 88
37 83 91 3
8 98 48 57
8 98 4 62
48 57 98 97
48 57 63 84
48 57 88 95
48 57 56 13
8 82 53 91
8 82 28 61
53 91 64 32
53 91 79 24
53 91 80 19
53 91 94 37
8 60 46 84
8 60 1 26
39 47 99 26
39 47 88 91
39 47 97 19
39 47 86 46
46 84 39 47
46 84 71 63
46 84 82 40
46 84 98 10
46 84 18 6
8 3 38 61
8 3 33 45
8 3 30 45
38 61 63 97
38 61 68 83
38 61 95 1
38 61 82 40
38 61 26 78
8 81 39 5
8 81 7 23
8 81 13 3
39 5 79 97
39 5 91 3
39 5 88 99
39 5 62 56
9 92 50 83
9 92 95 7
50 83 86 65
50 83 88 95
50 83 94 9
50 83 99 34
50 83 41 80
9 86 49 58
9 86 10 44
9 86 12 61
49 58 83 54
49 58 70 7
49 58 85 83
49 58 10 74
9 98 45 76
9 98 83 1
45 76 98 10
45 76 94 91
45 76 72 67
45 76 6 59
9 10 49 10
9 10 88 45
49 10 58 6
49 10 58 0
49 10 98 30
49 10 1 25
49 10 57 13
9 2 45 83
9 2 24 69
41 80 69 98
41 80 79 89
41 80 61 79
41 80 75 57
41 80 75 88
41 80 16 78
45 83 41 80
45 83 56 13
45 83 86 19
10 74 49 76
10 74 54 88
49 76 57 73
49 76 67 62
49 76 96 73
49 76 43 84
10 72 49 26
10 72 83 34
10 72 4 87
49 26 65 39
49 26 81 68
49 26 64 32
49 26 94 99
10 44 41 79
10 44 19 83
41 79 54 24
41 79 65 66
41 79 96 61
41 79 65 39
41 79 13 97
41 79 85 23
54 24 70 57
54 24 96 73
54 24 75 26
54 24 8 3
54 24 45 76
11 62 44 41
11 62 32 80
44 41 94 95
44 41 61 79
44 41 66 54
44 41 37 56
11 75 38 86
11 75 35 56
11 75 25 68
38 86 96 33
38 86 80 19
38 86 77 74
38 86 45 31
11 42 52 57
11 42 13 62
52 57 54 85
52 57 79 65
52 57 79 36
52 57 1 23
52 57 46 88
11 56 50 12
11 56 68 83
11 56 64 15
50 12 88 89
50 12 71 89
50 12 65 94
50 12 43 95
12 60 49 91
12 60 32 84
12 60 2 21
49 91 80 19
49 91 80 75
49 91 69 98
49 91 96 61
12 61 49 13
12 61 41 88
49 13 70 57
49 13 90 33
49 13 71 80
49 13 37 83
12 76 47 73
12 76 21 98
12 76 30 67
47 73 93 3
47 73 96 33
47 73 96 73
47 73 57 9
47 73 68 95
12 3 45 31
12 3 83 63
12 3 99 25
39 4 66 36
39 4 99 25
39 4 61 16
39 4 4 23
39 4 63 97
45 31 39 4
45 31 94 51
45 31 93 3
45 31 96 36
45 31 32 16
12 49 49 50
12 49 10 74
12 49 30 95
49 50 63 97
49 50 83 63
49 50 82 54
12 8 83 54
12 8 85 0
12 29 42 21
42 21 94 99
42 21 61 79
42 21 80 75
12 80 49 59
49 59 91 73
49 59 80 20
49 59 79 89
12 6 98 10
12 6 94 37
12 64 57 45
12 64 97 87
13 83 83 34
13 83 54 88
13 63 91 50
13 63 61 16
13 62 59 29
13 62 88 99
13 3 48 64
48 64 95 10
48 64 96 33
48 64 90 48
13 38 54 85
13 38 60 95
13 97 93 2
13 97 94 51
14 89 96 36
14 89 69 76
14 84 91 76
14 84 68 83
14 65 44 60
44 60 70 13
44 60 94 37
44 60 94 91
14 83 55 62
14 83 66 97
14 52 83 54
14 52 57 66
14 95 91 3
14 95 93 2
14 73 46 78
46 78 94 99
46 78 71 96
46 78 77 76
15 73 91 95
15 73 83 7
15 55 96 0
15 55 80 76
15 95 94 91
15 95 88 89
16 53 99 26
16 53 63 84
16 78 82 54
16 78 83 17
16 58 42 74
42 74 88 65
42 74 91 7
42 74 86 20
17 81 99 89
17 81 77 74
17 64 79 65
17 64 72 13
17 46 68 13
17 46 91 19
17 25 88 89
17 25 91 7
17 67 69 39
17 67 94 95
17 33 49 11
49 11 67 18
49 11 71 80
49 11 95 70
18 75 36 40
36 40 59 58
36 40 64 15
36 40 72 71
18 92 49 70
49 70 57 13
49 70 83 7
49 70 83 54
18 6 54 88
18 6 61 79
18 65 94 91
18 65 94 12
19 83 43 66
43 66 96 33
43 66 56 13
43 66 91 76
19 78 71 80
19 78 98 30
19 53 41 96
41 96 72 67
41 96 83 63
41 96 81 68
19 89 76 40
19 89 82 40
19 6 79 65
19 6 99 34
19 77 80 76
19 77 94 91
20 64 88 49
20 64 74 46
20 93 61 42
20 93 85 83
20 40 94 35
20 40 93 2
20 15 49 74
49 74 71 89
49 74 91 43
49 74 80 86
20 8 96 0
20 8 98 56
20 72 95 5
20 72 87 23
20 70 89 87
20 70 80 76
21 93 58 0
21 93 99 34
21 92 93 3
21 92 72 52
21 98 99 25
21 98 75 48
22 67 75 26
22 67 61 79
22 61 54 85
22 61 57 66
22 11 92 2
22 11 91 73
22 77 99 89
22 77 68 83
23 93 53 66
53 66 99 90
53 66 87 23
53 66 57 45
23 66 36 44
36 44 80 76
36 44 94 99
36 44 89 87
23 16 52 56
52 56 89 52
52 56 96 79
52 56 97 19
23 11 85 23
23 11 98 10
23 37 79 97
23 37 67 18
24 57 97 19
24 57 98 30
24 69 80 75
24 69 98 76
24 84 80 75
24 84 63 97
24 52 40 87
40 87 88 65
40 87 75 53
40 87 71 40
24 86 49 61
49 61 82 81
49 61 58 0
49 61 93 3
24 36 39 80
39 80 86 46
39 80 80 75
39 80 76 3
24 26 94 95
24 26 98 76
24 81 46 85
46 85 94 37
46 85 75 57
46 85 94 9
25 92 86 19
25 92 70 75
25 51 57 13
25 51 97 87
25 68 98 76
25 68 80 20
25 39 75 26
25 39 94 51
25 48 55 62
25 48 88 45
25 21 58 0
25 21 91 95
25 38 45 71
39 50 71 89
39 50 55 13
39 50 96 91
39 50 68 95
45 71 39 50
45 71 88 21
45 71 69 98
25 57 54 88
25 57 96 56
26 62 72 71
26 62 95 78
26 74 39 68
39 68 60 95
39 68 99 25
39 68 91 76
26 96 77 76
26 96 94 9
26 78 97 87
26 78 91 95
26 36 95 70
26 36 86 65
26 56 61 79
26 56 95 10
26 27 98 56
26 27 85 0
27 85 99 25
27 85 55 13
27 87 88 65
27 87 61 79
27 76 97 53
27 76 94 51
28 97 95 7
28 97 92 2
28 73 97 53
28 73 80 97
28 46 88 91
28 46 96 56
28 18 57 73
28 18 58 0
28 50 43 96
43 96 65 39
43 96 65 66
43 96 97 19
28 61 91 86
28 61 72 71
29 82 66 97
29 82 97 87
29 92 49 65
49 65 98 56
49 65 95 70
49 65 86 19
29 90 98 76
29 90 96 56
30 94 79 97
30 94 97 53
30 67 93 2
30 67 79 89
30 45 92 2
30 45 84 4
30 95 68 95
30 95 64 32
31 95 44 76
39 81 96 0
39 81 83 7
39 81 72 13
39 81 79 36
44 76 39 81
44 76 96 73
44 76 60 95
31 52 81 90
31 52 60 95
31 35 95 10
31 35 97 87
31 19 79 89
31 19 96 91
31 97 99 89
31 97 75 26
31 59 66 98
31 59 73 3
32 84 68 95
32 84 91 19
32 80 99 97
32 80 91 43
32 54 66 36
32 54 72 73
32 46 79 24
32 46 62 10
32 89 94 99
32 89 68 95
32 16 43 13
43 13 80 75
43 13 97 4
43 13 72 71
32 57 72 73
32 57 69 39
33 80 70 57
33 80 91 95
33 70 85 0
33 70 75 88
33 25 80 19
33 25 87 23
33 45 58 6
33 45 72 52
33 53 85 93
33 53 69 59
33 91 80 20
33 91 81 59
33 37 80 86
33 37 81 59
34 93 42 36
42 36 69 98
42 36 86 19
42 36 91 3
34 88 64 32
34 88 56 13
34 25 40 51
40 51 79 65
40 51 95 70
40 51 83 34
34 58 49 77
49 77 98 97
49 77 80 97
49 77 64 32
35 56 36 56
36 56 52 16
36 56 70 75
36 56 91 43
36 56 90 80
52 16 71 63
52 16 71 40
52 16 61 42
35 79 61 11
35 79 57 66
35 5 94 51
35 5 94 12
35 49 76 40
35 49 88 49
35 1 96 73
35 1 93 3
36 53 83 63
36 53 59 58
36 53 55 83
36 53 56 13
36 53 56 92
36 53 57 46
36 53 57 66
36 53 58 40
36 53 61 16
36 53 62 56
36 53 62 10
36 53 63 84
36 53 64 15
36 53 65 66
36 53 65 94
36 53 66 82
36 53 67 62
36 53 68 83
36 53 69 76
36 53 69 70
36 53 70 75
36 53 70 7
36 53 71 40
36 53 71 96
36 53 72 13
36 53 72 52
36 53 75 88
36 53 76 3
36 53 77 74
36 53 79 23
36 53 79 36
36 53 80 97
36 53 81 68
36 53 82 40
36 53 83 1
36 53 83 2
36 53 83 17
36 53 83 7
36 53 84 4
36 53 85 83
36 53 86 20
36 53 87 23
36 53 88 45
36 53 88 99
36 53 88 95
36 53 88 21
36 53 89 43
36 53 90 80
36 53 90 33
36 53 91 19
36 53 91 7
36 53 91 43
36 53 94 9
36 53 94 80
36 53 96 61
36 53 96 56
36 53 96 12
36 53 96 91
36 53 96 79
36 53 97 75
36 53 97 4
36 53 98 13
36 53 98 30
36 53 99 34
66 82 50 64
66 98 19 6
66 97 1 48
66 54 25 57
66 54 94 51
67 62 20 15
67 62 24 69
67 18 25 51
68 13 80 75
68 95 95 70
68 37 54 88
68 31 57 45
68 31 74 46
68 83 63 84
68 83 29 90
69 76 36 23
69 98 13 83
69 39 44 79
69 59 45 76
69 70 45 76
70 13 57 9
70 75 8 3
70 75 71 63
70 57 33 70
70 57 83 7
70 7 28 73
70 7 21 92
71 40 68 83
71 96 61 11
71 80 38 61
71 63 40 90
71 63 97 75
71 89 72 21
72 73 34 58
72 67 69 39
72 13 5 82
72 71 62 56
72 71 98 30
72 21 24 52
72 21 49 55
72 52 96 33
72 52 61 42
73 3 68 83
74 46 51 87
74 46 8 76
75 57 98 30
75 53 48 57
75 26 98 97
75 26 49 11
75 48 6 11
75 88 41 88
76 40 14 89
76 40 22 61
76 3 24 69
77 74 5 61
77 76 37 10
79 89 26 74
79 89 13 3
79 23 41 80
79 23 61 16
79 36 8 57
79 36 14 73
79 24 6 21
79 97 52 56
79 65 49 55
80 86 68 37
80 86 66 54
80 20 24 26
80 76 94 91
80 19 68 13
80 75 13 97
80 97 14 95
81 59 48 38
81 68 1 61
81 68 61 11
81 90 86 19
82 54 3 23
82 54 49 61
82 40 71 89
82 40 22 67
82 81 43 47
82 81 37 83
83 54 49 36
83 1 49 61
83 1 23 37
83 63 45 31
83 34 25 57
83 2 32 89
83 17 80 76
83 7 68 13
83 7 79 23
84 4 33 70
85 0 49 78
85 0 9 92
85 23 98 76
85 23 2 21
85 83 23 93
85 93 33 25
85 93 31 52
86 20 28 18
86 20 66 36
86 65 9 86
86 19 27 76
86 46 85 0
87 23 17 67
87 23 71 40
88 45 54 24
88 45 63 84
88 89 21 98
88 89 57 45
88 65 1 26
88 65 33 80
88 99 47 3
88 99 91 50
88 49 4 93
88 49 14 73
88 95 19 89
88 21 40 90
88 91 61 42
89 87 39 47
89 87 94 80
89 43 69 98
89 43 57 9
89 52 88 65
89 52 83 7
90 48 79 24
90 48 21 98
90 80 0 90
90 33 43 95
90 33 0 94
91 73 6 79
91 73 96 0
91 19 23 11
91 50 95 1
91 50 49 91
91 50 95 7
91 50 89 43
91 76 8 3
91 86 54 88
91 86 43 66
91 7 65 66
91 7 35 79
91 7 55 83
91 43 24 26
91 95 39 85
91 95 96 12
91 95 59 29
91 3 54 24
91 3 4 23
92 2 79 65
92 2 7 86
92 2 46 79
92 2 53 66
93 3 14 65
93 2 39 4
93 2 96 79
93 2 54 85
94 37 55 13
94 37 26 96
94 68 75 88
94 91 49 50
94 91 81 90
94 91 43 13
94 91 93 3
94 12 20 64
94 12 52 84
94 12 66 98
94 35 94 95
94 35 48 58
94 35 92 2
94 9 50 11
94 9 91 7
94 99 75 88
94 99 37 56
94 2 42 32
94 95 49 65
94 95 83 54
94 80 17 33
94 80 2 21
94 80 34 88
94 80 43 13
94 51 94 12
94 51 36 56
95 7 40 87
95 7 7 60
95 7 17 67
95 78 40 90
95 78 31 35
95 5 61 79
95 5 16 78
95 5 98 97
95 5 37 9
95 10 33 91
95 1 83 54
95 1 71 80
95 1 33 45
95 1 1 86
95 70 95 5
95 70 3 66
95 70 10 44
96 73 33 37
96 73 19 6
96 61 26 56
96 61 94 12
96 61 49 6
96 61 16 58
96 33 18 65
96 56 88 95
96 56 46 78
96 56 49 66
96 12 1 97
96 12 19 89
96 12 7 23
96 0 16 78
96 0 52 84
96 91 76 3
96 91 96 36
96 91 97 4
96 91 58 40
96 79 94 37
96 79 91 19
96 36 36 20
96 36 38 50
96 36 53 91
96 36 69 59
97 75 90 80
97 75 99 97
97 19 70 7
97 19 77 74
97 19 14 95
97 19 95 78
97 19 56 92
97 19 52 57
97 4 39 4
97 87 25 68
97 87 88 21
97 53 12 3
97 53 75 57
98 97 12 60
98 13 83 2
98 13 25 92
98 13 34 93
98 13 0 90
98 13 88 45
98 76 17 46
98 76 85 83
98 10 96 79
98 10 88 91
98 30 62 10
98 30 26 56
98 30 74 46
98 30 18 75
98 30 68 95
98 30 23 16
98 30 41 96
98 30 82 54
98 56 92 2
98 56 12 76
98 56 10 72
98 56 0 73
98 56 85 0
98 56 25 68
98 56 83 54
98 56 94 68
99 90 49 96
99 90 10 44
99 90 71 96
99 90 52 56
99 90 55 62
37 56 0 94
24 36 0 94
79 65 37 56
69 59 37 56
81 90 37 56
45 76 37 56
71 89 37 56
46 96 0 90
63 84 0 90
26 74 0 90
72 21 46 96
56 13 46 96
98 56 46 96
38 61 46 96
69 59 46 96
49 55 0 73
66 36 0 73
95 1 49 55
55 83 49 55
69 98 49 55
94 9 49 55
69 59 49 55
46 66 1 86
14 52 1 86
20 72 1 86
69 59 46 66
83 7 46 66
90 48 46 66
24 86 46 66
50 64 1 61
17 46 1 61
19 83 1 61
91 76 50 64
90 80 50 64
72 73 50 64
7 9 50 64
49 90 1 23
49 10 1 23
53 66 1 23
75 53 49 90
86 65 49 90
67 18 49 90
79 97 49 90
49 96 1 26
48 41 1 26
81 59 49 96
86 65 49 96
75 88 49 96
17 46 49 96
49 90 49 96
36 20 1 51
16 78 1 51
65 39 36 20
57 13 36 20
61 16 36 20
36 63 36 20
12 49 36 20
52 80 1 97
28 18 1 97
69 98 52 80
75 88 52 80
71 63 52 80
10 72 52 80
49 6 1 48
5 61 1 48
77 74 1 48
57 9 49 6
83 63 49 6
84 4 49 6
26 27 49 6
58 40 49 6
46 88 1 25
64 19 1 25
55 13 46 88
97 75 46 88
58 0 46 88
8 76 46 88
90 48 46 88
39 85 1 65
21 98 1 65
4 62 1 65
80 19 39 85
97 19 39 85
70 57 39 85
34 88 39 85
49 90 39 85
49 52 2 72
33 91 2 72
88 65 2 72
94 12 49 52
69 59 49 52
69 39 49 52
49 66 49 52
37 10 2 53
42 74 2 53
75 57 37 10
85 93 37 10
95 1 37 10
43 65 37 10
97 75 37 10
43 36 2 32
45 14 2 32
32 54 2 32
61 42 43 36
85 83 43 36
58 6 43 36
48 74 43 36
93 2 43 36
36 63 2 57
14 73 2 57
70 7 2 57
73 3 36 63
59 29 36 63
67 18 36 63
15 55 36 63
48 74 36 63
49 60 2 21
19 6 2 21
99 97 49 60
94 12 49 60
71 63 49 60
70 7 49 60
86 65 49 60
49 69 2 56
76 40 2 56
42 58 2 56
95 1 41 88
69 39 41 88
94 95 41 88
1 25 41 88
41 88 47 3
98 10 47 3
85 83 47 3
83 1 47 3
59 29 47 3
33 53 47 3
98 76 49 69
88 45 49 69
47 3 49 69
69 70 49 69
95 5 49 69
48 74 3 72
34 25 3 72
68 37 48 74
71 63 48 74
88 91 48 74
0 73 48 74
45 92 3 66
42 74 3 66
79 24 3 66
94 37 45 92
94 68 45 92
65 94 45 92
74 46 45 92
49 98 45 92
48 58 3 23
43 36 3 23
75 48 48 58
94 12 48 58
86 20 48 58
67 62 48 58
11 62 48 58
49 63 4 88
23 16 4 88
85 0 49 63
81 68 49 63
79 24 49 63
7 90 49 63
51 87 4 87
98 10 4 87
66 36 51 87
58 6 51 87
61 42 51 87
23 66 51 87
53 10 4 93
35 1 4 93
70 75 4 93
66 54 53 10
80 20 53 10
80 19 53 10
49 69 53 10
7 12 53 10
42 92 4 62
88 95 4 62
45 46 42 92
69 98 42 92
99 34 42 92
70 7 42 92
86 46 45 46
90 48 45 46
76 40 45 46
64 19 45 46
72 52 45 46
24 26 45 46
47 50 4 23
26 74 4 23
31 35 4 23
56 13 43 65
80 20 43 65
83 34 43 65
24 84 43 65
5 61 43 65
65 39 47 50
98 97 47 50
43 65 47 50
94 80 47 50
55 83 47 50
91 73 47 50
46 79 4 78
28 61 4 78
55 13 42 58
90 48 42 58
95 10 42 58
58 40 42 58
77 74 42 58
42 58 46 79
81 59 46 79
57 66 46 79
82 54 46 79
49 66 46 79
44 79 4 91
75 26 4 91
8 82 4 91
91 50 44 79
58 40 44 79
70 13 44 79
19 83 44 79
32 16 44 79
47 80 5 72
45 92 5 72
94 2 47 80
93 3 47 80
82 40 47 80
94 9 47 80
43 84 47 80
47 99 5 82
12 6 5 82
59 29 5 82
82 54 47 99
71 80 47 99
58 0 47 99
49 74 47 99
15 95 47 99
49 98 5 21
50 12 5 21
50 11 49 98
88 49 49 98
98 76 49 98
94 51 49 98
48 58 49 98
14 95 49 98
71 40 50 11
61 79 50 11
83 17 50 11
23 11 50 11
49 54 5 61
24 69 5 61
96 33 49 54
88 65 49 54
96 56 49 54
13 97 49 54
49 78 6 53
33 80 6 53
68 31 49 78
58 0 49 78
86 20 49 78
47 80 49 78
44 96 6 79
98 97 6 79
85 23 44 96
86 20 44 96
87 23 44 96
54 85 44 96
31 97 44 96
43 84 6 11
94 37 6 11
53 72 43 84
56 92 43 84
88 49 43 84
88 65 43 84
6 21 43 84
97 75 53 72
97 87 53 72
84 4 53 72
90 48 53 72
62 10 53 72
44 5 6 93
70 7 6 93
16 58 6 93
74 46 44 5
94 95 44 5
88 65 44 5
25 92 44 5
49 66 6 59
8 81 6 59
10 44 6 59
81 59 49 66
88 95 49 66
96 12 49 66
89 43 49 66
40 90 6 21
92 2 6 21
8 81 6 21
57 45 40 90
82 54 40 90
93 3 40 90
76 40 40 90
92 2 40 90
42 32 7 86
37 88 7 86
45 58 42 32
56 92 42 32
49 59 42 32
12 80 42 32
98 10 45 58
95 78 45 58
59 58 45 58
88 65 45 58
91 7 45 58
72 67 45 58
48 68 7 90
32 84 7 90
85 0 7 90
94 68 48 68
62 10 48 68
79 97 48 68
49 36 48 68
83 7 48 68
37 9 7 23
8 82 7 23
38 50 37 9
97 87 37 9
99 25 37 9
99 89 37 9
97 75 38 50
68 83 38 50
88 91 38 50
91 50 38 50
46 66 38 50
42 74 38 50
52 84 7 60
35 49 7 60
80 19 52 84
90 48 52 84
91 50 52 84
49 66 52 84
43 47 7 12
76 3 7 12
47 80 7 12
89 87 43 47
95 10 43 47
73 3 43 47
26 36 43 47
94 9 43 47
38 78 7 69
98 97 7 69
80 19 38 78
80 75 38 78
91 50 38 78
64 32 38 78
66 98 38 78
43 95 7 28
68 83 7 28
63 84 36 23
99 97 36 23
97 4 36 23
79 36 36 23
26 56 36 23
31 52 36 23
75 88 43 95
36 23 43 95
91 19 43 95
13 62 43 95
49 10 43 95
45 14 7 9
25 51 7 9
49 36 7 9
64 19 45 14
98 10 45 14
88 95 45 14
31 35 45 14
49 98 45 14
37 88 8 84
33 91 8 84
20 15 8 84
48 41 37 88
55 13 37 88
97 19 37 88
88 89 37 88
34 58 37 88
61 11 37 88
86 46 48 41
96 61 48 41
63 84 48 41
96 56 48 41
49 51 8 67
12 76 8 67
69 39 49 51
83 34 49 51
94 12 49 51
85 83 49 51
36 63 49 51
48 38 8 76
49 11 8 76
46 96 8 76
49 36 48 38
57 46 48 38
85 83 48 38
55 83 48 38
46 96 48 38
48 74 48 38
99 26 49 36
91 7 49 36
71 96 49 36
91 43 49 36
37 83 8 57
69 76 8 57
95 78 37 83
79 36 37 83
54 88 37 83
91 3 37 83
48 57 8 98
4 62 8 98
98 97 48 57
63 84 48 57
88 95 48 57
56 13 48 57
53 91 8 82
28 61 8 82
64 32 53 91
79 24 53 91
80 19 53 91
94 37 53 91
46 84 8 60
1 26 8 60
99 26 39 47
88 91 39 47
97 19 39 47
86 46 39 47
39 47 46 84
71 63 46 84
82 40 46 84
98 10 46 84
18 6 46 84
38 61 8 3
33 45 8 3
30 45 8 3
63 97 38 61
68 83 38 61
95 1 38 61
82 40 38 61
26 78 38 61
39 5 8 81
7 23 8 81
13 3 8 81
79 97 39 5
91 3 39 5
88 99 39 5
62 56 39 5
50 83 9 92
95 7 9 92
86 65 50 83
88 95 50 83
94 9 50 83
99 34 50 83
41 80 50 83
49 58 9 86
10 44 9 86
12 61 9 86
83 54 49 58
70 7 49 58
85 83 49 58
10 74 49 58
45 76 9 98
83 1 9 98
98 10 45 76
94 91 45 76
72 67 45 76
6 59 45 76
49 10 9 10
88 45 9 10
58 6 49 10
58 0 49 10
98 30 49 10
1 25 49 10
57 13 49 10
45 83 9 2
24 69 9 2
69 98 41 80
79 89 41 80
61 79 41 80
75 57 41 80
75 88 41 80
16 78 41 80
41 80 45 83
56 13 45 83
86 19 45 83
49 76 10 74
54 88 10 74
57 73 49 76
67 62 49 76
96 73 49 76
43 84 49 76
49 26 10 72
83 34 10 72
4 87 10 72
65 39 49 26
81 68 49 26
64 32 49 26
94 99 49 26
41 79 10 44
19 83 10 44
54 24 41 79
65 66 41 79
96 61 41 79
65 39 41 79
13 97 41 79
85 23 41 79
70 57 54 24
96 73 54 24
75 26 54 24
8 3 54 24
45 76 54 24
44 41 11 62
32 80 11 62
94 95 44 41
61 79 44 41
66 54 44 41
37 56 44 41
38 86 11 75
35 56 11 75
25 68 11 75
96 33 38 86
80 19 38 86
77 74 38 86
45 31 38 86
52 57 11 42
13 62 11 42
54 85 52 57
79 65 52 57
79 36 52 57
1 23 52 57
46 88 52 57
50 12 11 56
68 83 11 56
64 15 11 56
88 89 50 12
71 89 50 12
65 94 50 12
43 95 50 12
49 91 12 60
32 84 12 60
2 21 12 60
80 19 49 91
80 75 49 91
69 98 49 91
96 61 49 91
49 13 12 61
41 88 12 61
70 57 49 13
90 33 49 13
71 80 49 13
37 83 49 13
47 73 12 76
21 98 12 76
30 67 12 76
93 3 47 73
96 33 47 73
96 73 47 73
57 9 47 73
68 95 47 73
45 31 12 3
83 63 12 3
99 25 12 3
66 36 39 4
99 25 39 4
61 16 39 4
4 23 39 4
63 97 39 4
39 4 45 31
94 51 45 31
93 3 45 31
96 36 45 31
32 16 45 31
49 50 12 49
10 74 12 49
30 95 12 49
63 97 49 50
83 63 49 50
82 54 49 50
83 54 12 8
85 0 12 8
42 21 12 29
94 99 42 21
61 79 42 21
80 75 42 21
49 59 12 80
91 73 49 59
80 20 49 59
79 89 49 59
98 10 12 6
94 37 12 6
57 45 12 64
97 87 12 64
83 34 13 83
54 88 13 83
91 50 13 63
61 16 13 63
59 29 13 62
88 99 13 62
48 64 13 3
95 10 48 64
96 33 48 64
90 48 48 64
54 85 13 38
60 95 13 38
93 2 13 97
94 51 13 97
96 36 14 89
69 76 14 89
91 76 14 84
68 83 14 84
44 60 14 65
70 13 44 60
94 37 44 60
94 91 44 60
55 62 14 83
66 97 14 83
83 54 14 52
57 66 14 52
91 3 14 95
93 2 14 95
46 78 14 73
94 99 46 78
71 96 46 78
77 76 46 78
91 95 15 73
83 7 15 73
96 0 15 55
80 76 15 55
94 91 15 95
88 89 15 95
99 26 16 53
63 84 16 53
82 54 16 78
83 17 16 78
42 74 16 58
88 65 42 74
91 7 42 74
86 20 42 74
99 89 17 81
77 74 17 81
79 65 17 64
72 13 17 64
68 13 17 46
91 19 17 46
88 89 17 25
91 7 17 25
69 39 17 67
94 95 17 67
49 11 17 33
67 18 49 11
71 80 49 11
95 70 49 11
36 40 18 75
59 58 36 40
64 15 36 40
72 71 36 40
49 70 18 92
57 13 49 70
83 7 49 70
83 54 49 70
54 88 18 6
61 79 18 6
94 91 18 65
94 12 18 65
43 66 19 83
96 33 43 66
56 13 43 66
91 76 43 66
71 80 19 78
98 30 19 78
41 96 19 53
72 67 41 96
83 63 41 96
81 68 41 96
76 40 19 89
82 40 19 89
79 65 19 6
99 34 19 6
80 76 19 77
94 91 19 77
88 49 20 64
74 46 20 64
61 42 20 93
85 83 20 93
94 35 20 40
93 2 20 40
49 74 20 15
71 89 49 74
91 43 49 74
80 86 49 74
96 0 20 8
98 56 20 8
95 5 20 72
87 23 20 72
89 87 20 70
80 76 20 70
58 0 21 93
99 34 21 93
93 3 21 92
72 52 21 92
99 25 21 98
75 48 21 98
75 26 22 67
61 79 22 67
54 85 22 61
57 66 22 61
92 2 22 11
91 73 22 11
99 89 22 77
68 83 22 77
53 66 23 93
99 90 53 66
87 23 53 66
57 45 53 66
36 44 23 66
80 76 36 44
94 99 36 44
89 87 36 44
52 56 23 16
89 52 52 56
96 79 52 56
97 19 52 56
85 23 23 11
98 10 23 11
79 97 23 37
67 18 23 37
97 19 24 57
98 30 24 57
80 75 24 69
98 76 24 69
80 75 24 84
63 97 24 84
40 87 24 52
88 65 40 87
75 53 40 87
71 40 40 87
49 61 24 86
82 81 49 61
58 0 49 61
93 3 49 61
39 80 24 36
86 46 39 80
80 75 39 80
76 3 39 80
94 95 24 26
98 76 24 26
46 85 24 81
94 37 46 85
75 57 46 85
94 9 46 85
86 19 25 92
70 75 25 92
57 13 25 51
97 87 25 51
98 76 25 68
80 20 25 68
75 26 25 39
94 51 25 39
55 62 25 48
88 45 25 48
58 0 25 21
91 95 25 21
45 71 25 38
71 89 39 50
55 13 39 50
96 91 39 50
68 95 39 50
39 50 45 71
88 21 45 71
69 98 45 71
54 88 25 57
96 56 25 57
72 71 26 62
95 78 26 62
39 68 26 74
60 95 39 68
99 25 39 68
91 76 39 68
77 76 26 96
94 9 26 96
97 87 26 78
91 95 26 78
95 70 26 36
86 65 26 36
61 79 26 56
95 10 26 56
98 56 26 27
85 0 26 27
99 25 27 85
55 13 27 85
88 65 27 87
61 79 27 87
97 53 27 76
94 51 27 76
95 7 28 97
92 2 28 97
97 53 28 73
80 97 28 73
88 91 28 46
96 56 28 46
57 73 28 18
58 0 28 18
43 96 28 50
65 39 43 96
65 66 43 96
97 19 43 96
91 86 28 61
72 71 28 61
66 97 29 82
97 87 29 82
49 65 29 92
98 56 49 65
95 70 49 65
86 19 49 65
98 76 29 90
96 56 29 90
79 97 30 94
97 53 30 94
93 2 30 67
79 89 30 67
92 2 30 45
84 4 30 45
68 95 30 95
64 32 30 95
44 76 31 95
96 0 39 81
83 7 39 81
72 13 39 81
79 36 39 81
39 81 44 76
96 73 44 76
60 95 44 76
81 90 31 52
60 95 31 52
95 10 31 35
97 87 31 35
79 89 31 19
96 91 31 19
99 89 31 97
75 26 31 97
66 98 31 59
73 3 31 59
68 95 32 84
91 19 32 84
99 97 32 80
91 43 32 80
66 36 32 54
72 73 32 54
79 24 32 46
62 10 32 46
94 99 32 89
68 95 32 89
43 13 32 16
80 75 43 13
97 4 43 13
72 71 43 13
72 73 32 57
69 39 32 57
70 57 33 80
91 95 33 80
85 0 33 70
75 88 33 70
80 19 33 25
87 23 33 25
58 6 33 45
72 52 33 45
85 93 33 53
69 59 33 53
80 20 33 91
81 59 33 91
80 86 33 37
81 59 33 37
42 36 34 93
69 98 42 36
86 19 42 36
91 3 42 36
64 32 34 88
56 13 34 88
40 51 34 25
79 65 40 51
95 70 40 51
83 34 40 51
49 77 34 58
98 97 49 77
80 97 49 77
64 32 49 77
36 56 35 56
52 16 36 56
70 75 36 56
91 43 36 56
90 80 36 56
71 63 52 16
71 40 52 16
61 42 52 16
61 11 35 79
57 66 35 79
94 51 35 5
94 12 35 5
76 40 35 49
88 49 35 49
96 73 35 1
93 3 35 1
83 63 36 53
59 58 36 53
55 83 36 53
56 13 36 53
56 92 36 53
57 46 36 53
57 66 36 53
58 40 36 53
61 16 36 53
62 56 36 53
62 10 36 53
63 84 36 53
64 15 36 53
65 66 36 53
65 94 36 53
66 82 36 53
67 62 36 53
68 83 36 53
69 76 36 53
69 70 36 53
70 75 36 53
70 7 36 53
71 40 36 53
71 96 36 53
72 13 36 53
72 52 36 53
75 88 36 53
76 3 36 53
77 74 36 53
79 23 36 53
79 36 36 53
80 97 36 53
81 68 36 53
82 40 36 53
83 1 36 53
83 2 36 53
83 17 36 53
83 7 36 53
84 4 36 53
85 83 36 53
86 20 36 53
87 23 36 53
88 45 36 53
88 99 36 53
88 95 36 53
88 21 36 53
89 43 36 53
90 80 36 53
90 33 36 53
91 19 36 53
91 7 36 53
91 43 36 53
94 9 36 53
94 80 36 53
96 61 36 53
96 56 36 53
96 12 36 53
96 91 36 53
96 79 36 53
97 75 36 53
97 4 36 53
98 13 36 53
98 30 36 53
99 34 36 53
50 64 66 82
19 6 66 98
1 48 66 97
25 57 66 54
94 51 66 54
20 15 67 62
24 69 67 62
25 51 67 18
80 75 68 13
95 70 68 95
54 88 68 37
57 45 68 31
74 46 68 31
63 84 68 83
29 90 68 83
36 23 69 76
13 83 69 98
44 79 69 39
45 76 69 59
45 76 69 70
57 9 70 13
8 3 70 75
71 63 70 75
33 70 70 57
83 7 70 57
28 73 70 7
21 92 70 7
68 83 71 40
61 11 71 96
38 61 71 80
40 90 71 63
97 75 71 63
72 21 71 89
34 58 72 73
69 39 72 67
5 82 72 13
62 56 72 71
98 30 72 71
24 52 72 21
49 55 72 21
96 33 72 52
61 42 72 52
68 83 73 3
51 87 74 46
8 76 74 46
98 30 75 57
48 57 75 53
98 97 75 26
49 11 75 26
6 11 75 48
41 88 75 88
14 89 76 40
22 61 76 40
24 69 76 3
5 61 77 74
37 10 77 76
26 74 79 89
13 3 79 89
41 80 79 23
61 16 79 23
8 57 79 36
14 73 79 36
6 21 79 24
52 56 79 97
49 55 79 65
68 37 80 86
66 54 80 86
24 26 80 20
94 91 80 76
68 13 80 19
13 97 80 75
14 95 80 97
48 38 81 59
1 61 81 68
61 11 81 68
86 19 81 90
3 23 82 54
49 61 82 54
71 89 82 40
22 67 82 40
43 47 82 81
37 83 82 81
49 36 83 54
49 61 83 1
23 37 83 1
45 31 83 63
25 57 83 34
32 89 83 2
80 76 83 17
68 13 83 7
79 23 83 7
33 70 84 4
49 78 85 0
9 92 85 0
98 76 85 23
2 21 85 23
23 93 85 83
33 25 85 93
31 52 85 93
28 18 86 20
66 36 86 20
9 86 86 65
27 76 86 19
85 0 86 46
17 67 87 23
71 40 87 23
54 24 88 45
63 84 88 45
21 98 88 89
57 45 88 89
1 26 88 65
33 80 88 65
47 3 88 99
91 50 88 99
4 93 88 49
14 73 88 49
19 89 88 95
40 90 88 21
61 42 88 91
39 47 89 87
94 80 89 87
69 98 89 43
57 9 89 43
88 65 89 52
83 7 89 52
79 24 90 48
21 98 90 48
0 90 90 80
43 95 90 33
0 94 90 33
6 79 91 73
96 0 91 73
23 11 91 19
95 1 91 50
49 91 91 50
95 7 91 50
89 43 91 50
8 3 91 76
54 88 91 86
43 66 91 86
65 66 91 7
35 79 91 7
55 83 91 7
24 26 91 43
39 85 91 95
96 12 91 95
59 29 91 95
54 24 91 3
4 23 91 3
79 65 92 2
7 86 92 2
46 79 92 2
53 66 92 2
14 65 93 3
39 4 93 2
96 79 93 2
54 85 93 2
55 13 94 37
26 96 94 37
75 88 94 68
49 50 94 91
81 90 94 91
43 13 94 91
93 3 94 91
20 64 94 12
52 84 94 12
66 98 94 12
94 95 94 35
48 58 94 35
92 2 94 35
50 11 94 9
91 7 94 9
75 88 94 99
37 56 94 99
42 32 94 2
49 65 94 95
83 54 94 95
17 33 94 80
2 21 94 80
34 88 94 80
43 13 94 80
94 12 94 51
36 56 94 51
40 87 95 7
7 60 95 7
17 67 95 7
40 90 95 78
31 35 95 78
61 79 95 5
16 78 95 5
98 97 95 5
37 9 95 5
33 91 95 10
83 54 95 1
71 80 95 1
33 45 95 1
1 86 95 1
95 5 95 70
3 66 95 70
10 44 95 70
33 37 96 73
19 6 96 73
26 56 96 61
94 12 96 61
49 6 96 61
16 58 96 61
18 65 96 33
88 95 96 56
46 78 96 56
49 66 96 56
1 97 96 12
19 89 96 12
7 23 96 12
16 78 96 0
52 84 96 0
76 3 96 91
96 36 96 91
97 4 96 91
58 40 96 91
94 37 96 79
91 19 96 79
36 20 96 36
38 50 96 36
53 91 96 36
69 59 96 36
90 80 97 75
99 97 97 75
70 7 97 19
77 74 97 19
14 95 97 19
95 78 97 19
56 92 97 19
52 57 97 19
39 4 97 4
25 68 97 87
88 21 97 87
12 3 97 53
75 57 97 53
12 60 98 97
83 2 98 13
25 92 98 13
34 93 98 13
0 90 98 13
88 45 98 13
17 46 98 76
85 83 98 76
96 79 98 10
88 91 98 10
62 10 98 30
26 56 98 30
74 46 98 30
18 75 98 30
68 95 98 30
23 16 98 30
41 96 98 30
82 54 98 30
92 2 98 56
12 76 98 56
10 72 98 56
0 73 98 56
85 0 98 56
25 68 98 56
83 54 98 56
94 68 98 56
49 96 99 90
10 44 99 90
71 96 99 90
52 56 99 90
55 62 99 90