100
300
448
0 94 10
0 90 90
0 73 49
1 86 42
1 61 109
1 23 141
1 26 99
1 51 133
2 71 133
2 79 54
2 87 85
2 73 49
3 64 59
3 55 99
3 33 120
3 61 106
4 55 147
4 97 66
4 75 146
5 94 62
5 74 63
5 28 105
5 6 33
6 57 130
6 81 14
6 83 51
6 39 134
7 56 86
7 90 42
7 6 6
8 90 85
8 80 93
8 49 43
9 86 90
9 90 108
9 23 75
9 60 63
10 96 88
10 75 5
10 80 45
10 44 133
11 73 78
11 99 14
11 64 11
12 96 67
12 51 24
12 54 122
13 98 118
13 87 31
13 64 10
13 99 132
14 75 148
14 86 145
14 10 39
14 93 109
15 79 129
15 56 12
15 63 36
15 37 25
16 91 13
16 72 125
16 49 51
16 55 4
17 54 102
17 95 48
17 49 85
18 79 36
18 82 66
18 50 75
18 57 73
19 65 134
19 97 4
19 64 118
20 86 91
20 97 14
20 53 70
20 64 52
21 96 120
21 67 141
21 94 148
21 15 131
22 79 13
22 94 134
22 49 94
23 80 141
23 97 79
23 39 54
24 73 7
24 78 7
24 5 103
24 54 48
25 50 62
25 75 125
25 6 29
25 44 14
26 64 57
26 93 14
26 40 149
27 85 3
27 90 142
27 82 84
27 69 136
28 56 145
28 65 77
28 2 125
29 93 71
29 84 10
29 90 23
29 75 119
30 73 140
30 74 103
30 1 108
31 72 124
31 68 118
31 0 91
32 86 41
32 76 16
32 34 122
33 87 66
33 98 88
33 11 44
34 81 40
34 61 82
34 43 8
34 26 42
35 83 87
35 63 149
35 29 8
36 85 94
36 87 102
36 76 1
37 97 24
37 73 108
37 46 97
37 18 98
38 92 123
38 50 4
38 33 96
38 10 134
39 90 89
39 74 27
39 17 25
39 96 18
40 59 123
40 67 1
40 98 111
41 98 145
41 91 38
41 61 72
41 80 46
42 67 133
42 56 49
42 74 77
43 59 93
43 64 59
43 27 134
44 80 51
44 52 138
44 76 30
45 93 15
45 88 146
45 25 0
45 58 89
46 56 20
46 79 26
46 5 142
47 57 127
47 72 143
47 82 31
48 56 140
48 59 132
48 0 148
49 56 36
49 88 25
49 51 137
49 52 107
49 53 30
49 58 114
49 60 110
49 61 120
49 62 35
49 63 112
49 66 115
49 68 108
49 69 23
49 70 19
49 74 60
49 76 13
49 77 7
49 78 8
49 82 101
49 84 79
49 89 98
49 95 81
49 99 14
49 59 15
50 73 79
51 73 60
52 45 113
52 14 40
53 52 63
54 67 127
54 39 25
55 46 70
56 99 63
57 33 146
58 50 75
59 64 63
59 47 74
60 18 46
61 13 99
62 46 52
62 14 10
63 44 32
63 77 38
64 86 29
65 39 45
65 16 125
66 82 59
67 83 94
68 42 76
69 93 43
70 48 103
70 87 140
71 79 33
72 95 97
72 2 12
73 9 116
73 46 70
74 93 99
75 89 28
75 36 131
76 14 135
76 94 13
77 44 133
77 38 63
78 47 5
79 50 103
80 29 56
80 0 86
81 47 106
81 94 76
81 46 131
81 32 36
82 38 14
82 74 131
83 11 48
83 23 43
83 69 147
84 33 17
84 25 94
84 90 63
84 99 53
85 46 134
85 24 86
86 15 131
87 82 48
87 40 132
87 54 101
87 88 88
88 50 27
88 35 113
88 3 78
89 91 35
89 7 124
90 11 72
90 76 66
90 80 25
90 93 70
91 9 113
92 1 102
92 55 46
93 5 130
93 6 40
94 77 47
94 57 15
94 29 89
95 69 101
95 0 47
96 51 109
96 71 63
96 25 52
96 83 124
97 92 83
97 57 26
97 76 20
97 84 34
97 55 90
97 43 135
97 30 139
97 6 120
98 73 136
98 86 128
98 27 114
99 94 56
99 6 114
99 81 71
99 24 93
99 50 33
99 46 101
0 94 49 58
38 33 49 62
38 33 49 69
38 33 77 38
38 33 59 47
49 58 88 3
49 58 38 33
49 58 63 44
0 90 46 56
30 74 99 94
30 74 82 74
30 74 73 46
46 56 30 74
46 56 98 73
46 56 57 33
46 56 84 25
0 73 48 56
48 56 73 9
48 56 98 27
48 56 84 99
1 86 30 73
30 73 87 54
30 73 99 24
30 73 71 79
1 61 41 61
41 61 83 23
41 61 97 76
41 61 87 40
1 23 41 91
41 91 50 73
41 91 54 39
41 91 99 46
1 26 43 27
39 74 50 73
39 74 75 89
39 74 55 46
43 27 39 74
43 27 81 47
43 27 49 69
43 27 92 55
1 51 27 69
27 69 68 42
27 69 97 30
27 69 96 25
2 71 29 84
28 56 77 44
28 56 65 16
29 84 94 29
29 84 28 56
29 84 65 39
29 84 72 2
29 84 82 74
2 79 41 80
41 80 87 82
41 80 65 16
41 80 87 40
2 87 46 5
46 5 67 83
46 5 94 77
46 5 84 90
2 73 38 92
38 92 84 90
38 92 59 64
38 92 72 95
3 64 43 64
43 64 49 62
43 64 97 84
43 64 62 14
3 55 47 72
47 72 81 46
47 72 86 15
47 72 90 80
3 33 38 10
38 10 90 80
38 10 92 55
38 10 97 57
3 61 31 0
31 0 87 82
31 0 64 86
31 0 81 46
4 55 42 74
42 74 49 77
42 74 84 99
42 74 66 82
4 97 44 80
44 80 62 46
44 80 49 59
44 80 98 86
4 75 47 57
47 57 79 50
47 57 77 38
47 57 88 35
5 94 39 96
39 96 97 55
39 96 49 59
39 96 97 6
5 74 39 17
39 17 59 64
39 17 62 46
39 17 49 68
5 28 49 53
49 56 49 78
49 56 81 47
49 56 52 45
49 53 49 56
49 53 49 95
49 53 62 46
49 53 99 6
5 6 45 93
45 93 49 61
45 93 62 14
45 93 51 73
45 93 94 29
49 61 96 83
49 61 80 29
49 61 53 52
6 57 34 81
34 81 70 48
34 81 96 25
34 81 97 55
6 81 29 93
29 93 36 76
29 93 97 43
29 93 49 63
29 93 95 69
36 76 49 95
36 76 84 25
36 76 93 5
6 83 40 98
40 98 81 47
40 98 53 52
40 98 87 40
6 39 45 88
45 88 81 47
45 88 67 83
45 88 76 94
7 56 42 56
42 56 89 91
42 56 66 82
42 56 88 50
7 90 35 29
35 29 49 60
35 29 63 44
35 29 86 15
49 60 94 77
49 60 97 30
49 60 77 38
49 60 59 47
7 6 45 58
45 58 97 43
45 58 55 46
45 58 90 11
8 90 44 76
44 76 96 25
44 76 74 93
44 76 71 79
8 80 37 73
37 73 97 76
37 73 49 51
37 73 82 38
37 73 81 46
37 73 98 27
41 98 74 93
41 98 64 86
41 98 65 16
49 51 41 98
49 51 84 99
49 51 66 82
8 49 48 59
48 59 56 99
48 59 80 0
48 59 77 44
9 86 37 18
33 98 49 62
33 98 83 11
33 98 55 46
33 98 84 25
33 98 97 92
37 18 33 98
37 18 79 50
9 90 48 0
48 0 97 92
48 0 70 48
48 0 77 38
9 23 49 52
49 52 88 50
49 52 53 52
49 52 63 44
9 60 29 90
29 90 31 72
29 90 99 94
29 90 89 91
29 90 62 46
29 90 49 68
31 72 87 54
31 72 55 46
10 96 46 79
46 79 49 88
46 79 92 55
49 88 50 73
49 88 49 62
49 88 49 76
49 88 87 88
49 88 59 47
10 75 42 67
42 67 85 46
42 67 49 77
42 67 97 76
10 80 35 63
35 63 87 88
35 63 87 54
35 63 63 77
10 44 29 75
29 75 49 95
29 75 97 84
29 75 66 82
11 73 40 59
40 59 81 46
40 59 65 16
40 59 52 45
11 99 32 76
32 76 75 36
32 76 52 14
32 76 88 3
11 64 37 97
32 86 96 71
32 86 97 76
32 86 97 55
32 86 49 70
37 97 32 86
37 97 69 93
37 97 96 25
12 96 34 26
34 26 49 70
34 26 99 6
34 26 65 39
12 51 35 83
35 83 43 59
35 83 97 92
35 83 97 76
35 83 99 94
43 59 71 79
43 59 90 80
43 59 76 94
12 54 28 2
28 2 49 95
28 2 90 80
28 2 53 52
13 98 36 85
33 87 70 87
33 87 97 84
33 87 59 64
33 87 49 95
36 85 94 77
36 85 33 87
36 85 59 47
13 87 50 73
13 87 97 6
13 64 81 47
13 64 52 45
13 99 32 34
32 34 99 81
32 34 90 76
32 34 87 82
14 75 88 50
14 75 51 73
14 86 49 78
14 86 99 6
14 10 49 78
14 10 58 50
14 93 81 46
14 93 59 64
15 79 56 99
15 79 97 6
15 56 28 65
28 65 82 38
28 65 96 25
28 65 77 38
15 63 90 11
15 63 94 57
15 37 30 1
30 1 37 46
30 1 49 70
30 1 81 32
30 1 93 6
37 46 97 43
37 46 80 0
37 46 66 82
16 91 44 52
44 52 92 55
44 52 66 82
44 52 97 92
16 72 31 68
31 68 99 50
31 68 76 94
31 68 55 46
16 49 93 6
16 49 57 33
16 55 85 46
16 55 70 87
17 54 45 25
36 87 99 46
36 87 89 7
36 87 62 46
36 87 93 5
45 25 36 87
45 25 92 55
45 25 76 94
17 95 27 82
27 82 49 59
27 82 49 62
27 82 77 44
17 49 84 33
17 49 78 47
18 79 99 94
18 79 84 25
18 82 77 44
18 82 97 55
18 50 34 61
34 61 80 29
34 61 49 68
34 61 62 14
18 57 60 18
18 57 84 99
19 65 39 90
39 90 68 42
39 90 49 63
39 90 84 25
19 97 69 93
19 97 94 77
19 64 96 83
19 64 54 39
20 86 49 68
20 86 75 89
20 97 50 73
20 97 67 83
20 53 70 48
20 53 74 93
20 64 95 0
20 64 63 44
21 96 73 9
21 96 93 5
21 67 81 94
21 67 84 33
21 94 96 71
21 94 97 55
21 15 52 45
21 15 49 66
22 79 47 82
47 82 88 50
47 82 97 43
47 82 51 73
22 94 33 11
33 11 49 76
33 11 54 67
33 11 93 5
22 49 34 43
34 43 87 54
34 43 49 78
34 43 56 99
23 80 56 99
23 80 73 46
23 97 40 67
40 67 49 59
40 67 85 46
40 67 96 25
23 39 87 88
23 39 81 46
24 73 83 11
24 73 49 84
24 78 64 86
24 78 90 11
24 5 38 50
38 50 49 76
38 50 67 83
38 50 50 73
24 54 74 93
24 54 49 77
25 50 76 94
25 50 97 76
25 75 73 46
25 75 52 45
25 6 66 82
25 6 49 74
25 44 73 46
25 44 54 67
26 64 52 45
26 64 81 32
26 93 62 14
26 93 76 94
26 40 58 50
26 40 97 43
27 85 97 76
27 85 55 46
27 90 81 94
27 90 63 44
27 90 49 63
27 90 49 66
27 90 49 74
27 90 49 82
27 90 49 84
27 90 49 89
27 90 49 99
27 90 51 73
27 90 52 14
27 90 53 52
27 90 54 67
27 90 54 39
27 90 57 33
27 90 59 47
27 90 61 13
27 90 63 77
27 90 65 39
27 90 65 16
27 90 70 87
27 90 72 95
27 90 72 2
27 90 76 14
27 90 77 38
27 90 78 47
27 90 80 0
27 90 81 32
27 90 82 74
27 90 83 69
27 90 84 99
27 90 85 24
27 90 86 15
27 90 87 40
27 90 88 35
27 90 88 3
27 90 90 76
27 90 90 93
27 90 91 9
27 90 92 1
27 90 93 5
27 90 94 57
27 90 94 29
27 90 95 69
27 90 96 51
27 90 97 57
27 90 97 30
27 90 97 6
27 90 98 73
27 90 98 86
27 90 98 27
27 90 99 6
27 90 99 24
27 90 99 46
49 58 0 94
49 62 38 33
49 69 38 33
77 38 38 33
59 47 38 33
88 3 49 58
38 33 49 58
63 44 49 58
46 56 0 90
99 94 30 74
82 74 30 74
73 46 30 74
30 74 46 56
98 73 46 56
57 33 46 56
84 25 46 56
48 56 0 73
73 9 48 56
98 27 48 56
84 99 48 56
30 73 1 86
87 54 30 73
99 24 30 73
71 79 30 73
41 61 1 61
83 23 41 61
97 76 41 61
87 40 41 61
41 91 1 23
50 73 41 91
54 39 41 91
99 46 41 91
43 27 1 26
50 73 39 74
75 89 39 74
55 46 39 74
39 74 43 27
81 47 43 27
49 69 43 27
92 55 43 27
27 69 1 51
68 42 27 69
97 30 27 69
96 25 27 69
29 84 2 71
77 44 28 56
65 16 28 56
94 29 29 84
28 56 29 84
65 39 29 84
72 2 29 84
82 74 29 84
41 80 2 79
87 82 41 80
65 16 41 80
87 40 41 80
46 5 2 87
67 83 46 5
94 77 46 5
84 90 46 5
38 92 2 73
84 90 38 92
59 64 38 92
72 95 38 92
43 64 3 64
49 62 43 64
97 84 43 64
62 14 43 64
47 72 3 55
81 46 47 72
86 15 47 72
90 80 47 72
38 10 3 33
90 80 38 10
92 55 38 10
97 57 38 10
31 0 3 61
87 82 31 0
64 86 31 0
81 46 31 0
42 74 4 55
49 77 42 74
84 99 42 74
66 82 42 74
44 80 4 97
62 46 44 80
49 59 44 80
98 86 44 80
47 57 4 75
79 50 47 57
77 38 47 57
88 35 47 57
39 96 5 94
97 55 39 96
49 59 39 96
97 6 39 96
39 17 5 74
59 64 39 17
62 46 39 17
49 68 39 17
49 53 5 28
49 78 49 56
81 47 49 56
52 45 49 56
49 56 49 53
49 95 49 53
62 46 49 53
99 6 49 53
45 93 5 6
49 61 45 93
62 14 45 93
51 73 45 93
94 29 45 93
96 83 49 61
80 29 49 61
53 52 49 61
34 81 6 57
70 48 34 81
96 25 34 81
97 55 34 81
29 93 6 81
36 76 29 93
97 43 29 93
49 63 29 93
95 69 29 93
49 95 36 76
84 25 36 76
93 5 36 76
40 98 6 83
81 47 40 98
53 52 40 98
87 40 40 98
45 88 6 39
81 47 45 88
67 83 45 88
76 94 45 88
42 56 7 56
89 91 42 56
66 82 42 56
88 50 42 56
35 29 7 90
49 60 35 29
63 44 35 29
86 15 35 29
94 77 49 60
97 30 49 60
77 38 49 60
59 47 49 60
45 58 7 6
97 43 45 58
55 46 45 58
90 11 45 58
44 76 8 90
96 25 44 76
74 93 44 76
71 79 44 76
37 73 8 80
97 76 37 73
49 51 37 73
82 38 37 73
81 46 37 73
98 27 37 73
74 93 41 98
64 86 41 98
65 16 41 98
41 98 49 51
84 99 49 51
66 82 49 51
48 59 8 49
56 99 48 59
80 0 48 59
77 44 48 59
37 18 9 86
49 62 33 98
83 11 33 98
55 46 33 98
84 25 33 98
97 92 33 98
33 98 37 18
79 50 37 18
48 0 9 90
97 92 48 0
70 48 48 0
77 38 48 0
49 52 9 23
88 50 49 52
53 52 49 52
63 44 49 52
29 90 9 60
31 72 29 90
99 94 29 90
89 91 29 90
62 46 29 90
49 68 29 90
87 54 31 72
55 46 31 72
46 79 10 96
49 88 46 79
92 55 46 79
50 73 49 88
49 62 49 88
49 76 49 88
87 88 49 88
59 47 49 88
42 67 10 75
85 46 42 67
49 77 42 67
97 76 42 67
35 63 10 80
87 88 35 63
87 54 35 63
63 77 35 63
29 75 10 44
49 95 29 75
97 84 29 75
66 82 29 75
40 59 11 73
81 46 40 59
65 16 40 59
52 45 40 59
32 76 11 99
75 36 32 76
52 14 32 76
88 3 32 76
37 97 11 64
96 71 32 86
97 76 32 86
97 55 32 86
49 70 32 86
32 86 37 97
69 93 37 97
96 25 37 97
34 26 12 96
49 70 34 26
99 6 34 26
65 39 34 26
35 83 12 51
43 59 35 83
97 92 35 83
97 76 35 83
99 94 35 83
71 79 43 59
90 80 43 59
76 94 43 59
28 2 12 54
49 95 28 2
90 80 28 2
53 52 28 2
36 85 13 98
70 87 33 87
97 84 33 87
59 64 33 87
49 95 33 87
94 77 36 85
33 87 36 85
59 47 36 85
50 73 13 87
97 6 13 87
81 47 13 64
52 45 13 64
32 34 13 99
99 81 32 34
90 76 32 34
87 82 32 34
88 50 14 75
51 73 14 75
49 78 14 86
99 6 14 86
49 78 14 10
58 50 14 10
81 46 14 93
59 64 14 93
56 99 15 79
97 6 15 79
28 65 15 56
82 38 28 65
96 25 28 65
77 38 28 65
90 11 15 63
94 57 15 63
30 1 15 37
37 46 30 1
49 70 30 1
81 32 30 1
93 6 30 1
97 43 37 46
80 0 37 46
66 82 37 46
44 52 16 91
92 55 44 52
66 82 44 52
97 92 44 52
31 68 16 72
99 50 31 68
76 94 31 68
55 46 31 68
93 6 16 49
57 33 16 49
85 46 16 55
70 87 16 55
45 25 17 54
99 46 36 87
89 7 36 87
62 46 36 87
93 5 36 87
36 87 45 25
92 55 45 25
76 94 45 25
27 82 17 95
49 59 27 82
49 62 27 82
77 44 27 82
84 33 17 49
78 47 17 49
99 94 18 79
84 25 18 79
77 44 18 82
97 55 18 82
34 61 18 50
80 29 34 61
49 68 34 61
62 14 34 61
60 18 18 57
84 99 18 57
39 90 19 65
68 42 39 90
49 63 39 90
84 25 39 90
69 93 19 97
94 77 19 97
96 83 19 64
54 39 19 64
49 68 20 86
75 89 20 86
50 73 20 97
67 83 20 97
70 48 20 53
74 93 20 53
95 0 20 64
63 44 20 64
73 9 21 96
93 5 21 96
81 94 21 67
84 33 21 67
96 71 21 94
97 55 21 94
52 45 21 15
49 66 21 15
47 82 22 79
88 50 47 82
97 43 47 82
51 73 47 82
33 11 22 94
49 76 33 11
54 67 33 11
93 5 33 11
34 43 22 49
87 54 34 43
49 78 34 43
56 99 34 43
56 99 23 80
73 46 23 80
40 67 23 97
49 59 40 67
85 46 40 67
96 25 40 67
87 88 23 39
81 46 23 39
83 11 24 73
49 84 24 73
64 86 24 78
90 11 24 78
38 50 24 5
49 76 38 50
67 83 38 50
50 73 38 50
74 93 24 54
49 77 24 54
76 94 25 50
97 76 25 50
73 46 25 75
52 45 25 75
66 82 25 6
49 74 25 6
73 46 25 44
54 67 25 44
52 45 26 64
81 32 26 64
62 14 26 93
76 94 26 93
58 50 26 40
97 43 26 40
97 76 27 85
55 46 27 85
81 94 27 90
63 44 27 90
49 63 27 90
49 66 27 90
49 74 27 90
49 82 27 90
49 84 27 90
49 89 27 90
49 99 27 90
51 73 27 90
52 14 27 90
53 52 27 90
54 67 27 90
54 39 27 90
57 33 27 90
59 47 27 90
61 13 27 90
63 77 27 90
65 39 27 90
65 16 27 90
70 87 27 90
72 95 27 90
72 2 27 90
76 14 27 90
77 38 27 90
78 47 27 90
80 0 27 90
81 32 27 90
82 74 27 90
83 69 27 90
84 99 27 90
85 24 27 90
86 15 27 90
87 40 27 90
88 35 27 90
88 3 27 90
90 76 27 90
90 93 27 90
91 9 27 90
92 1 27 90
93 5 27 90
94 57 27 90
94 29 27 90
95 69 27 90
96 51 27 90
97 57 27 90
97 30 27 90
97 6 27 90
98 73 27 90
98 86 27 90
98 27 27 90
99 6 27 90
99 24 27 90
99 46 27 90