100
300
1344
0 94 10
0 90 90
0 73 49
1 86 42
1 61 109
1 23 141
1 26 99
1 51 133
2 71 133
2 79 54
2 87 85
2 73 49
3 64 59
3 55 99
3 33 120
3 61 106
4 55 147
4 97 66
4 75 146
5 94 62
5 74 63
5 28 105
5 6 33
6 57 130
6 81 14
6 83 51
6 39 134
7 56 86
7 90 42
7 6 6
8 90 85
8 80 93
8 49 43
9 86 90
9 90 108
9 23 75
9 60 63
10 96 88
10 75 5
10 80 45
10 44 133
11 73 78
11 99 14
11 64 11
12 96 67
12 51 24
12 54 122
13 98 118
13 87 31
13 64 10
13 99 132
14 75 148
14 86 145
14 10 39
14 93 109
15 79 129
15 56 12
15 63 36
15 37 25
16 91 13
16 72 125
16 49 51
16 55 4
17 54 102
17 95 48
17 49 85
18 79 36
18 82 66
18 50 75
18 57 73
19 65 134
19 97 4
19 64 118
20 86 91
20 97 14
20 53 70
20 64 52
21 96 120
21 67 141
21 94 148
21 15 131
22 79 13
22 94 134
22 49 94
23 80 141
23 97 79
23 39 54
24 73 7
24 78 7
24 5 103
24 54 48
25 50 62
25 75 125
25 6 29
25 44 14
26 64 57
26 93 14
26 40 149
27 85 3
27 90 142
27 82 84
27 69 136
28 56 145
28 65 77
28 2 125
29 93 71
29 84 10
29 90 23
29 75 119
30 73 140
30 74 103
30 1 108
31 72 124
31 68 118
31 0 91
32 86 41
32 76 16
32 34 122
33 87 66
33 98 88
33 11 44
34 81 40
34 61 82
34 43 8
34 26 42
35 83 87
35 63 149
35 29 8
36 85 94
36 87 102
36 76 1
37 97 24
37 73 108
37 46 97
37 18 98
38 92 123
38 50 4
38 33 96
38 10 134
39 90 89
39 74 27
39 17 25
39 96 18
40 59 123
40 67 1
40 98 111
41 98 145
41 91 38
41 61 72
41 80 46
42 67 133
42 56 49
42 74 77
43 59 93
43 64 59
43 27 134
44 80 51
44 52 138
44 76 30
45 93 15
45 88 146
45 25 0
45 58 89
46 56 20
46 79 26
46 5 142
47 57 127
47 72 143
47 82 31
48 56 140
48 59 132
48 0 148
49 56 36
49 88 25
49 51 137
49 52 107
49 53 30
49 58 114
49 60 110
49 61 120
49 62 35
49 63 112
49 66 115
49 68 108
49 69 23
49 70 19
49 74 60
49 76 13
49 77 7
49 78 8
49 82 101
49 84 79
49 89 98
49 95 81
49 99 14
49 59 15
50 73 79
51 73 60
52 45 113
52 14 40
53 52 63
54 67 127
54 39 25
55 46 70
56 99 63
57 33 146
58 50 75
59 64 63
59 47 74
60 18 46
61 13 99
62 46 52
62 14 10
63 44 32
63 77 38
64 86 29
65 39 45
65 16 125
66 82 59
67 83 94
68 42 76
69 93 43
70 48 103
70 87 140
71 79 33
72 95 97
72 2 12
73 9 116
73 46 70
74 93 99
75 89 28
75 36 131
76 14 135
76 94 13
77 44 133
77 38 63
78 47 5
79 50 103
80 29 56
80 0 86
81 47 106
81 94 76
81 46 131
81 32 36
82 38 14
82 74 131
83 11 48
83 23 43
83 69 147
84 33 17
84 25 94
84 90 63
84 99 53
85 46 134
85 24 86
86 15 131
87 82 48
87 40 132
87 54 101
87 88 88
88 50 27
88 35 113
88 3 78
89 91 35
89 7 124
90 11 72
90 76 66
90 80 25
90 93 70
91 9 113
92 1 102
92 55 46
93 5 130
93 6 40
94 77 47
94 57 15
94 29 89
95 69 101
95 0 47
96 51 109
96 71 63
96 25 52
96 83 124
97 92 83
97 57 26
97 76 20
97 84 34
97 55 90
97 43 135
97 30 139
97 6 120
98 73 136
98 86 128
98 27 114
99 94 56
99 6 114
99 81 71
99 24 93
99 50 33
99 46 101
0 94 21 94
0 94 93 5
0 94 17 49
0 94 85 24
0 94 39 90
38 33 49 62
38 33 49 69
38 33 77 38
38 33 59 47
38 33 68 42
38 33 34 81
38 33 89 91
49 58 88 3
49 58 38 33
49 58 63 44
49 58 12 51
49 58 92 55
0 90 46 56
0 90 49 63
0 90 17 49
0 90 4 97
0 90 18 79
0 90 52 14
0 90 97 84
30 74 95 69
30 74 96 83
30 74 81 46
30 74 41 91
30 74 49 84
30 74 49 60
30 74 27 82
46 56 30 74
46 56 67 83
46 56 75 36
46 56 98 73
46 56 88 35
46 56 39 90
46 56 81 94
46 56 97 76
46 56 50 73
46 56 47 82
0 73 48 56
0 73 14 10
48 56 97 57
48 56 75 36
48 56 87 82
48 56 62 14
48 56 96 83
48 56 65 39
1 86 30 73
1 86 97 43
1 86 97 57
1 86 41 98
30 73 96 25
30 73 63 44
30 73 70 87
30 73 53 52
30 73 72 95
30 73 77 38
30 73 96 51
1 61 41 61
1 61 17 54
1 61 22 79
1 61 15 37
1 61 44 76
41 61 96 51
41 61 97 84
41 61 98 27
41 61 34 43
41 61 20 53
41 61 55 46
41 61 36 85
41 61 49 99
41 61 13 98
1 23 41 91
1 23 73 46
1 23 97 76
1 23 39 90
1 23 22 79
41 91 94 29
41 91 75 89
41 91 97 6
41 91 91 9
41 91 70 48
41 91 16 91
41 91 23 39
41 91 18 79
41 91 44 76
1 26 43 27
1 26 62 46
1 26 42 67
1 26 22 94
39 74 60 18
39 74 99 24
39 74 23 39
39 74 4 55
39 74 24 5
43 27 98 73
43 27 39 74
43 27 92 1
43 27 50 73
43 27 61 13
43 27 49 62
43 27 14 93
43 27 67 83
43 27 24 73
1 51 27 69
1 51 46 56
1 51 88 3
1 51 6 83
1 51 40 67
1 51 74 93
1 51 22 94
27 69 87 88
27 69 72 2
27 69 78 47
27 69 7 56
2 71 29 84
2 71 35 63
2 71 93 5
28 56 93 5
28 56 49 66
28 56 53 52
28 56 90 11
28 56 19 64
29 84 75 89
29 84 28 56
29 84 59 64
29 84 24 54
2 79 41 80
2 79 19 65
41 80 87 40
41 80 67 83
41 80 84 90
41 80 5 6
2 87 46 5
2 87 2 79
2 87 6 39
46 5 49 78
46 5 49 95
46 5 62 46
46 5 10 44
46 5 33 87
46 5 44 52
2 73 38 92
2 73 37 46
2 73 11 99
2 73 40 98
2 73 59 64
38 92 57 33
38 92 76 14
38 92 65 16
38 92 58 50
38 92 42 67
3 64 43 64
3 64 65 16
3 64 10 44
43 64 55 46
43 64 97 84
43 64 96 71
43 64 81 47
43 64 49 58
43 64 22 79
43 64 9 60
43 64 64 86
3 55 47 72
3 55 49 51
3 55 83 11
47 72 56 99
47 72 49 84
47 72 50 73
47 72 13 64
47 72 51 73
47 72 49 76
47 72 97 76
47 72 49 82
3 33 38 10
3 33 74 93
38 10 85 24
38 10 80 0
38 10 97 57
38 10 99 46
38 10 41 80
38 10 16 91
38 10 44 52
38 10 96 71
3 61 31 0
3 61 85 46
3 61 49 63
3 61 34 43
31 0 55 46
31 0 97 55
31 0 54 39
31 0 24 78
31 0 1 86
4 55 42 74
4 55 21 96
42 74 55 46
42 74 54 67
42 74 94 77
42 74 23 97
42 74 27 82
4 97 44 80
4 97 63 44
4 97 49 61
4 97 39 96
44 80 96 25
44 80 55 46
44 80 83 11
44 80 24 78
44 80 46 56
4 75 47 57
4 75 36 87
4 75 99 81
4 75 10 80
4 75 99 6
4 75 2 79
4 75 16 55
47 57 54 67
47 57 71 79
47 57 87 82
47 57 49 66
47 57 0 90
47 57 49 63
47 57 90 93
47 57 84 90
5 94 39 96
5 94 63 44
5 94 9 86
5 94 50 73
5 94 88 50
5 94 49 78
5 94 72 2
39 96 84 90
39 96 90 93
39 96 49 59
39 96 6 39
39 96 29 84
39 96 31 72
39 96 6 57
5 74 39 17
5 74 21 15
5 74 28 56
5 74 13 87
5 74 37 46
5 74 41 98
39 17 49 63
39 17 94 29
39 17 69 93
39 17 73 9
39 17 44 52
39 17 52 45
39 17 11 64
39 17 0 94
39 17 5 28
5 28 49 53
5 28 85 46
5 28 67 83
5 28 97 76
5 28 33 98
5 28 79 50
49 56 87 54
49 56 68 42
49 56 93 5
49 56 38 33
49 53 49 56
49 53 94 29
49 53 49 68
49 53 88 3
49 53 96 83
49 53 66 82
49 53 62 46
49 53 14 93
49 53 3 33
49 53 92 55
5 6 45 93
5 6 44 52
5 6 15 37
5 6 23 39
5 6 39 17
5 6 19 64
45 93 49 61
45 93 64 86
45 93 49 62
45 93 82 38
45 93 49 99
45 93 33 11
45 93 2 71
45 93 87 54
45 93 97 30
49 61 76 14
49 61 73 9
49 61 90 80
49 61 83 69
49 61 95 0
49 61 18 57
49 61 29 84
6 57 34 81
6 57 37 46
34 81 49 82
34 81 95 0
34 81 62 46
34 81 40 67
6 81 29 93
6 81 38 92
6 81 97 57
6 81 16 91
29 93 36 76
29 93 95 69
29 93 3 64
29 93 48 59
36 76 62 46
36 76 99 24
36 76 59 64
36 76 49 63
36 76 94 77
36 76 49 58
36 76 27 69
36 76 49 77
36 76 42 67
6 83 40 98
6 83 9 60
6 83 89 7
6 83 29 93
6 83 40 67
40 98 90 93
40 98 70 87
40 98 84 99
40 98 25 50
40 98 49 59
40 98 45 25
40 98 23 39
40 98 99 6
40 98 2 79
6 39 45 88
6 39 93 6
6 39 24 5
45 88 90 11
45 88 49 70
45 88 77 44
45 88 72 2
45 88 26 64
45 88 49 60
7 56 42 56
7 56 22 94
7 56 84 33
7 56 9 90
7 56 12 96
7 56 7 6
42 56 97 92
42 56 88 35
42 56 87 40
42 56 39 90
42 56 44 76
42 56 82 74
42 56 17 95
42 56 34 81
7 90 35 29
7 90 66 82
7 90 0 94
7 90 29 75
7 90 21 15
7 90 49 56
7 90 49 61
35 29 49 60
35 29 70 48
35 29 98 86
35 29 88 50
35 29 1 26
35 29 5 28
35 29 27 69
35 29 68 42
35 29 12 96
49 60 52 14
49 60 88 50
49 60 65 39
49 60 88 3
49 60 50 73
7 6 45 58
7 6 96 71
7 6 49 99
7 6 49 60
7 6 49 82
45 58 83 11
45 58 87 54
45 58 96 83
45 58 34 81
8 90 44 76
8 90 56 99
8 90 90 93
8 90 62 46
44 76 49 70
44 76 92 1
44 76 80 0
44 76 18 79
44 76 85 46
44 76 97 57
8 80 37 73
8 80 20 53
8 80 47 82
8 80 99 50
8 80 31 68
8 80 85 24
8 80 35 29
37 73 89 7
37 73 49 51
37 73 95 0
37 73 99 6
37 73 50 73
37 73 96 51
37 73 81 32
37 73 28 2
37 73 47 57
37 73 72 2
37 73 70 87
37 73 80 29
41 98 99 81
41 98 27 85
41 98 25 50
41 98 92 1
49 51 41 98
49 51 90 76
49 51 80 0
49 51 77 44
49 51 73 9
49 51 82 74
49 51 42 74
49 51 31 72
49 51 50 73
8 49 48 59
8 49 30 73
8 49 61 13
8 49 49 60
8 49 11 73
8 49 46 56
48 59 98 86
48 59 80 0
48 59 85 46
48 59 89 91
9 86 37 18
9 86 54 39
33 98 63 77
33 98 73 9
33 98 97 57
33 98 77 38
33 98 56 99
33 98 6 83
33 98 31 72
33 98 97 84
33 98 48 59
33 98 74 93
37 18 89 7
37 18 33 98
37 18 77 44
37 18 58 50
37 18 70 48
37 18 97 43
37 18 40 59
37 18 47 57
37 18 17 54
9 90 48 0
9 90 81 94
9 90 25 44
9 90 56 99
9 90 49 77
9 90 38 92
48 0 91 9
48 0 49 62
48 0 98 27
48 0 43 59
48 0 97 55
48 0 88 35
48 0 77 44
48 0 41 61
48 0 49 84
9 23 49 52
9 23 63 44
9 23 17 54
9 23 70 48
49 52 94 29
49 52 49 74
49 52 51 73
49 52 49 56
9 60 29 90
9 60 1 61
9 60 49 99
9 60 88 50
29 90 31 72
29 90 49 74
29 90 55 46
29 90 49 51
29 90 31 0
31 72 76 94
31 72 84 25
31 72 98 27
31 72 97 43
31 72 42 67
31 72 63 44
10 96 46 79
10 96 54 67
10 96 49 95
10 96 49 60
10 96 90 76
10 96 95 0
10 96 47 72
46 79 49 88
46 79 67 83
46 79 99 24
46 79 49 68
46 79 34 81
46 79 83 23
49 88 90 76
49 88 70 48
49 88 81 46
49 88 1 23
49 88 8 80
10 75 42 67
10 75 5 94
10 75 28 65
10 75 16 49
10 75 0 73
42 67 96 71
42 67 49 68
42 67 49 70
42 67 82 74
42 67 48 56
42 67 74 93
10 80 35 63
10 80 3 64
35 63 49 69
35 63 73 9
35 63 53 52
35 63 37 46
10 44 29 75
10 44 49 62
10 44 38 33
29 75 84 99
29 75 91 9
29 75 97 55
29 75 15 56
29 75 60 18
29 75 34 61
11 73 40 59
40 59 97 43
40 59 84 90
40 59 76 94
40 59 83 11
40 59 88 35
40 59 80 29
11 99 32 76
11 99 2 87
11 99 49 88
32 76 62 46
32 76 97 76
32 76 61 13
32 76 1 51
11 64 37 97
11 64 13 99
32 86 61 13
32 86 88 3
32 86 35 29
32 86 24 54
32 86 19 97
32 86 80 0
37 97 32 86
37 97 49 78
37 97 87 54
37 97 99 94
37 97 62 46
37 97 1 51
37 97 84 33
37 97 25 44
12 96 34 26
12 96 89 91
12 96 90 80
12 96 30 74
12 96 96 25
34 26 90 11
34 26 80 0
34 26 55 46
34 26 22 49
34 26 11 73
34 26 19 97
12 51 35 83
12 51 97 43
12 51 52 14
12 51 3 55
35 83 43 59
35 83 72 2
35 83 90 80
35 83 84 25
35 83 25 44
43 59 49 63
43 59 83 11
43 59 87 40
43 59 99 6
43 59 46 56
12 54 28 2
12 54 4 55
28 2 59 47
28 2 49 66
28 2 84 33
28 2 5 74
13 98 36 85
13 98 54 67
13 98 46 56
13 98 25 50
33 87 49 68
33 87 97 43
33 87 9 60
33 87 19 97
36 85 97 84
36 85 33 87
36 85 49 70
36 85 85 24
36 85 93 6
36 85 39 74
13 87 98 27
13 87 49 70
13 87 30 1
13 87 58 50
13 87 19 64
13 87 2 73
13 64 49 62
13 64 98 86
13 64 49 68
13 64 16 72
13 64 29 93
13 99 32 34
13 99 3 55
13 99 43 27
13 99 22 79
13 99 45 88
32 34 75 89
32 34 58 50
32 34 78 47
32 34 99 81
32 34 80 29
32 34 20 97
14 75 49 62
14 75 65 16
14 75 93 5
14 75 24 5
14 75 62 46
14 86 97 76
14 86 96 83
14 86 49 66
14 86 76 14
14 86 88 3
14 86 99 94
14 10 65 16
14 10 77 44
14 10 97 6
14 10 81 47
14 10 58 50
14 93 49 66
14 93 94 57
14 93 20 64
15 79 65 39
15 79 85 24
15 79 73 46
15 79 55 46
15 56 28 65
15 56 49 76
15 56 32 76
15 56 33 98
28 65 88 50
28 65 88 35
28 65 99 81
28 65 5 6
28 65 97 76
28 65 1 86
28 65 17 95
15 63 71 79
15 63 54 39
15 63 49 56
15 63 12 54
15 63 9 23
15 37 30 1
15 37 99 46
15 37 68 42
15 37 25 44
30 1 37 46
30 1 94 57
30 1 88 3
30 1 61 13
30 1 90 93
30 1 83 69
30 1 52 14
30 1 99 6
30 1 59 47
37 46 49 78
37 46 49 66
37 46 9 86
37 46 67 83
16 91 44 52
16 91 12 54
44 52 62 46
44 52 50 73
44 52 49 95
44 52 49 53
44 52 45 88
44 52 80 29
44 52 37 18
16 72 31 68
16 72 25 6
16 72 80 0
16 72 43 64
16 72 0 73
31 68 97 84
31 68 52 45
31 68 59 47
31 68 96 25
31 68 97 57
31 68 34 26
16 49 81 46
16 49 84 25
16 49 49 66
16 49 49 59
16 49 38 10
16 55 92 1
16 55 94 57
16 55 30 73
17 54 45 25
17 54 12 51
36 87 49 78
36 87 70 87
36 87 95 0
36 87 61 13
36 87 93 5
36 87 49 76
36 87 17 54
45 25 36 87
45 25 58 50
45 25 1 51
45 25 77 38
45 25 26 64
17 95 27 82
17 95 42 67
27 82 75 89
27 82 96 25
27 82 51 73
27 82 93 5
27 82 5 74
27 82 38 50
17 49 99 50
17 49 68 42
17 49 20 64
17 49 88 35
17 49 75 89
17 49 97 76
18 79 97 76
18 79 82 74
18 79 57 33
18 79 11 64
18 79 51 73
18 82 98 86
18 82 92 55
18 82 19 64
18 82 49 69
18 82 70 48
18 82 42 56
18 50 34 61
18 50 8 80
34 61 78 47
34 61 75 36
34 61 83 23
34 61 99 6
18 57 49 69
18 57 49 82
18 57 84 25
18 57 99 94
18 57 98 73
18 57 99 6
19 65 39 90
19 65 34 26
19 65 49 77
19 65 3 33
19 65 88 50
39 90 49 70
39 90 99 24
39 90 71 79
39 90 12 96
39 90 18 57
39 90 35 63
39 90 24 73
19 97 82 74
19 97 97 92
19 97 35 63
19 64 57 33
19 64 67 83
19 64 92 1
19 64 64 86
20 86 87 82
20 86 49 95
20 86 48 56
20 97 49 63
20 97 80 29
20 97 11 99
20 97 71 79
20 97 48 0
20 53 85 46
20 53 97 55
20 53 99 24
20 53 78 47
20 53 49 78
20 53 49 62
20 64 97 92
20 64 49 59
20 64 83 11
20 64 34 61
20 64 97 84
21 96 69 93
21 96 49 74
21 96 26 40
21 96 55 46
21 67 76 94
21 67 97 55
21 67 12 51
21 67 96 83
21 67 82 74
21 94 54 67
21 94 90 11
21 94 99 24
21 94 84 33
21 15 56 99
21 15 81 94
21 15 67 83
21 15 49 84
21 15 13 98
22 79 47 82
22 79 49 77
22 79 2 71
22 79 37 97
22 79 15 63
47 82 92 1
47 82 63 77
47 82 88 35
47 82 21 96
47 82 48 56
47 82 9 90
47 82 42 67
22 94 33 11
22 94 8 90
22 94 17 54
33 11 49 89
33 11 91 9
33 11 61 13
33 11 13 64
22 49 34 43
22 49 29 84
22 49 84 99
22 49 57 33
34 43 74 93
34 43 97 43
34 43 81 47
34 43 82 74
23 80 99 81
23 80 87 54
23 80 52 14
23 80 54 39
23 97 40 67
23 97 74 93
40 67 54 67
40 67 50 73
40 67 88 3
40 67 18 50
40 67 46 5
40 67 29 93
40 67 23 80
23 39 97 84
23 39 89 91
23 39 39 96
23 39 89 7
23 39 9 60
23 39 32 76
24 73 81 32
24 73 64 86
24 73 78 47
24 73 0 94
24 73 15 56
24 78 49 74
24 78 67 83
24 78 29 84
24 5 38 50
24 5 0 94
24 5 36 85
24 5 21 15
24 5 88 35
38 50 87 82
38 50 49 62
38 50 88 50
38 50 85 24
24 54 49 59
24 54 81 47
24 54 49 52
25 50 86 15
25 50 73 9
25 50 17 54
25 75 68 42
25 75 69 93
25 75 83 11
25 6 64 86
25 6 96 71
25 6 28 65
25 6 49 62
25 6 25 50
25 44 90 80
25 44 55 46
25 44 15 79
25 44 85 46
25 44 76 14
26 64 59 64
26 64 50 73
26 64 31 68
26 64 10 75
26 93 99 6
26 93 69 93
26 93 41 91
26 40 61 13
26 40 88 3
26 40 42 67
26 40 51 73
27 85 70 87
27 85 99 24
27 85 84 25
27 85 42 74
27 90 51 73
27 90 90 93
27 90 49 68
27 90 49 76
27 90 49 77
27 90 49 84
27 90 49 95
27 90 49 99
27 90 50 73
27 90 52 45
27 90 52 14
27 90 53 52
27 90 54 39
27 90 58 50
27 90 60 18
27 90 62 14
27 90 63 44
27 90 63 77
27 90 66 82
27 90 67 83
27 90 70 48
27 90 72 95
27 90 72 2
27 90 73 46
27 90 75 36
27 90 76 14
27 90 77 44
27 90 77 38
27 90 79 50
27 90 80 29
27 90 80 0
27 90 81 47
27 90 81 94
27 90 82 38
27 90 83 23
27 90 83 69
27 90 84 33
27 90 84 25
27 90 88 35
27 90 88 3
27 90 89 91
27 90 89 7
27 90 92 55
27 90 93 5
27 90 93 6
27 90 94 77
27 90 94 57
27 90 95 69
27 90 95 0
27 90 97 55
27 90 97 30
27 90 97 6
27 90 98 73
27 90 99 94
27 90 99 46
27 90 32 86
27 90 62 46
27 90 10 96
27 90 18 82
49 62 20 97
49 62 67 83
49 62 43 64
49 62 40 67
49 63 45 25
49 63 49 95
49 63 88 50
49 66 32 34
49 66 40 98
49 68 30 74
49 69 86 15
49 69 14 86
49 69 46 56
49 70 23 39
49 70 41 91
49 70 11 73
49 70 35 63
49 74 1 51
49 74 49 53
49 76 49 52
49 76 46 79
49 76 63 77
49 76 49 95
49 77 33 11
49 77 40 59
49 78 14 93
49 78 38 33
49 82 28 2
49 82 8 90
49 84 41 98
49 84 90 80
49 84 68 42
49 84 36 87
49 89 18 50
49 95 41 80
49 99 10 80
49 99 65 39
49 99 49 74
49 99 25 75
49 59 66 82
49 59 36 87
49 59 20 53
50 73 81 32
50 73 30 74
50 73 13 99
51 73 33 98
52 45 24 5
52 14 9 90
52 14 24 5
52 14 29 75
52 14 20 53
53 52 49 84
54 67 20 53
54 39 96 71
54 39 6 83
54 39 3 55
54 39 20 64
55 46 36 76
56 99 99 81
56 99 4 75
56 99 42 74
56 99 15 37
57 33 76 14
57 33 46 56
57 33 38 10
58 50 10 44
59 64 36 85
59 64 14 10
59 64 87 54
59 47 49 66
59 47 38 10
59 47 20 86
60 18 63 44
61 13 14 10
61 13 48 0
61 13 60 18
62 46 87 40
62 46 49 77
62 46 19 64
62 14 49 60
62 14 14 10
62 14 35 29
63 44 26 93
63 44 38 33
63 44 78 47
63 44 0 73
63 77 0 94
63 77 14 10
63 77 46 5
64 86 63 44
64 86 3 33
65 39 14 93
65 39 28 2
65 16 11 99
65 16 72 2
66 82 94 57
67 83 20 86
67 83 45 58
68 42 97 84
69 93 97 55
70 48 45 25
70 87 87 82
70 87 35 83
70 87 49 74
70 87 6 83
71 79 58 50
71 79 4 75
71 79 6 39
71 79 14 75
72 95 72 2
72 95 1 86
72 95 37 46
72 2 80 29
72 2 21 67
73 9 99 24
73 9 31 0
73 9 96 71
73 9 84 99
73 46 60 18
73 46 99 46
73 46 3 61
74 93 49 74
74 93 36 76
74 93 18 57
75 89 31 72
75 89 64 86
75 36 44 52
75 36 86 15
76 14 40 67
76 14 14 10
76 14 26 40
76 14 83 11
76 94 49 53
76 94 26 64
76 94 14 10
77 44 26 40
77 44 89 7
77 44 23 80
77 44 36 76
77 38 31 0
78 47 73 9
78 47 46 79
78 47 74 93
79 50 75 36
80 29 39 96
80 29 5 74
80 29 48 56
80 29 93 6
80 0 18 79
80 0 61 13
81 47 45 93
81 94 73 46
81 94 10 80
81 94 31 0
81 94 21 94
81 46 52 45
81 32 59 47
81 32 1 61
82 38 49 77
82 38 25 50
82 74 17 95
82 74 3 55
82 74 69 93
83 11 1 86
83 23 81 94
83 23 93 6
83 69 85 24
83 69 52 14
83 69 97 76
84 33 42 67
84 33 8 80
84 33 7 6
84 25 8 90
84 25 17 49
84 25 42 56
84 25 56 99
84 90 54 39
84 90 75 36
84 90 6 57
84 90 21 94
84 99 88 3
85 46 90 11
85 46 40 98
85 24 1 86
85 24 63 77
85 24 41 91
85 24 15 63
85 24 42 56
86 15 62 46
86 15 98 86
86 15 39 17
87 82 75 36
87 82 90 93
87 82 84 90
87 82 20 53
87 82 16 55
87 82 49 66
87 40 27 82
87 40 25 75
87 40 72 2
87 54 96 51
87 54 46 5
87 54 84 90
87 54 10 44
87 88 66 82
87 88 0 94
87 88 14 93
87 88 49 61
87 88 15 56
88 50 8 90
88 50 78 47
88 50 35 63
88 50 34 43
88 35 34 43
88 35 49 76
88 3 65 16
88 3 41 80
88 3 5 94
89 91 47 72
89 7 56 99
89 7 29 90
89 7 43 27
89 7 84 33
89 7 63 44
89 7 75 36
90 11 40 59
90 11 52 14
90 11 87 54
90 76 45 93
90 80 44 52
90 80 10 80
90 80 26 93
90 80 70 48
90 80 20 53
90 93 73 46
90 93 95 0
90 93 49 82
90 93 77 38
90 93 43 27
91 9 28 65
91 9 97 84
91 9 49 82
91 9 88 3
92 1 42 67
92 1 49 69
92 1 79 50
92 1 29 84
92 55 10 44
92 55 0 90
92 55 87 82
92 55 38 10
92 55 44 52
92 55 21 15
93 5 98 27
93 5 26 64
93 5 80 0
93 6 81 47
93 6 46 79
94 77 45 25
94 77 32 76
94 77 86 15
94 77 34 26
94 77 52 14
94 77 58 50
94 57 38 50
94 57 2 71
94 57 1 23
94 57 71 79
94 57 11 64
94 57 25 75
94 29 84 25
94 29 90 80
94 29 1 51
94 29 12 96
94 29 1 86
94 29 16 55
95 69 4 97
95 69 0 94
95 69 46 56
95 69 97 43
95 69 68 42
95 69 48 0
95 0 43 64
95 0 30 73
96 51 52 14
96 51 49 84
96 51 84 99
96 51 3 55
96 51 98 27
96 71 19 97
96 25 93 5
96 25 21 67
96 25 78 47
96 25 44 52
96 25 28 56
96 83 49 58
97 92 4 97
97 92 54 67
97 92 35 63
97 57 17 49
97 57 24 73
97 57 27 90
97 57 50 73
97 57 72 2
97 76 49 52
97 76 10 96
97 84 45 58
97 55 52 14
97 55 23 80
97 43 6 81
97 43 82 74
97 43 29 93
97 43 2 79
97 43 48 56
97 30 49 52
97 30 34 81
97 30 48 56
97 30 14 86
97 30 85 24
97 30 62 46
97 6 19 64
97 6 49 95
97 6 99 94
97 6 49 68
97 6 29 93
97 6 42 56
98 73 34 61
99 94 49 84
99 94 34 26
99 6 82 38
99 81 39 96
99 81 89 91
99 81 83 11
99 24 99 6
99 24 56 99
99 24 13 64
99 50 93 6
99 50 31 68
99 50 29 90
99 50 20 86
99 50 49 63
99 50 59 64
99 50 37 46
99 50 7 6
99 50 20 53
99 50 2 79
99 50 25 44
99 50 38 50
99 50 73 46
99 50 17 95
99 50 14 75
99 50 61 13
99 50 2 71
99 46 49 56
99 46 9 90
99 46 63 77
99 46 72 95
99 46 11 64
21 94 0 94
93 5 0 94
17 49 0 94
85 24 0 94
39 90 0 94
49 62 38 33
49 69 38 33
77 38 38 33
59 47 38 33
68 42 38 33
34 81 38 33
89 91 38 33
88 3 49 58
38 33 49 58
63 44 49 58
12 51 49 58
92 55 49 58
46 56 0 90
49 63 0 90
17 49 0 90
4 97 0 90
18 79 0 90
52 14 0 90
97 84 0 90
95 69 30 74
96 83 30 74
81 46 30 74
41 91 30 74
49 84 30 74
49 60 30 74
27 82 30 74
30 74 46 56
67 83 46 56
75 36 46 56
98 73 46 56
88 35 46 56
39 90 46 56
81 94 46 56
97 76 46 56
50 73 46 56
47 82 46 56
48 56 0 73
14 10 0 73
97 57 48 56
75 36 48 56
87 82 48 56
62 14 48 56
96 83 48 56
65 39 48 56
30 73 1 86
97 43 1 86
97 57 1 86
41 98 1 86
96 25 30 73
63 44 30 73
70 87 30 73
53 52 30 73
72 95 30 73
77 38 30 73
96 51 30 73
41 61 1 61
17 54 1 61
22 79 1 61
15 37 1 61
44 76 1 61
96 51 41 61
97 84 41 61
98 27 41 61
34 43 41 61
20 53 41 61
55 46 41 61
36 85 41 61
49 99 41 61
13 98 41 61
41 91 1 23
73 46 1 23
97 76 1 23
39 90 1 23
22 79 1 23
94 29 41 91
75 89 41 91
97 6 41 91
91 9 41 91
70 48 41 91
16 91 41 91
23 39 41 91
18 79 41 91
44 76 41 91
43 27 1 26
62 46 1 26
42 67 1 26
22 94 1 26
60 18 39 74
99 24 39 74
23 39 39 74
4 55 39 74
24 5 39 74
98 73 43 27
39 74 43 27
92 1 43 27
50 73 43 27
61 13 43 27
49 62 43 27
14 93 43 27
67 83 43 27
24 73 43 27
27 69 1 51
46 56 1 51
88 3 1 51
6 83 1 51
40 67 1 51
74 93 1 51
22 94 1 51
87 88 27 69
72 2 27 69
78 47 27 69
7 56 27 69
29 84 2 71
35 63 2 71
93 5 2 71
93 5 28 56
49 66 28 56
53 52 28 56
90 11 28 56
19 64 28 56
75 89 29 84
28 56 29 84
59 64 29 84
24 54 29 84
41 80 2 79
19 65 2 79
87 40 41 80
67 83 41 80
84 90 41 80
5 6 41 80
46 5 2 87
2 79 2 87
6 39 2 87
49 78 46 5
49 95 46 5
62 46 46 5
10 44 46 5
33 87 46 5
44 52 46 5
38 92 2 73
37 46 2 73
11 99 2 73
40 98 2 73
59 64 2 73
57 33 38 92
76 14 38 92
65 16 38 92
58 50 38 92
42 67 38 92
43 64 3 64
65 16 3 64
10 44 3 64
55 46 43 64
97 84 43 64
96 71 43 64
81 47 43 64
49 58 43 64
22 79 43 64
9 60 43 64
64 86 43 64
47 72 3 55
49 51 3 55
83 11 3 55
56 99 47 72
49 84 47 72
50 73 47 72
13 64 47 72
51 73 47 72
49 76 47 72
97 76 47 72
49 82 47 72
38 10 3 33
74 93 3 33
85 24 38 10
80 0 38 10
97 57 38 10
99 46 38 10
41 80 38 10
16 91 38 10
44 52 38 10
96 71 38 10
31 0 3 61
85 46 3 61
49 63 3 61
34 43 3 61
55 46 31 0
97 55 31 0
54 39 31 0
24 78 31 0
1 86 31 0
42 74 4 55
21 96 4 55
55 46 42 74
54 67 42 74
94 77 42 74
23 97 42 74
27 82 42 74
44 80 4 97
63 44 4 97
49 61 4 97
39 96 4 97
96 25 44 80
55 46 44 80
83 11 44 80
24 78 44 80
46 56 44 80
47 57 4 75
36 87 4 75
99 81 4 75
10 80 4 75
99 6 4 75
2 79 4 75
16 55 4 75
54 67 47 57
71 79 47 57
87 82 47 57
49 66 47 57
0 90 47 57
49 63 47 57
90 93 47 57
84 90 47 57
39 96 5 94
63 44 5 94
9 86 5 94
50 73 5 94
88 50 5 94
49 78 5 94
72 2 5 94
84 90 39 96
90 93 39 96
49 59 39 96
6 39 39 96
29 84 39 96
31 72 39 96
6 57 39 96
39 17 5 74
21 15 5 74
28 56 5 74
13 87 5 74
37 46 5 74
41 98 5 74
49 63 39 17
94 29 39 17
69 93 39 17
73 9 39 17
44 52 39 17
52 45 39 17
11 64 39 17
0 94 39 17
5 28 39 17
49 53 5 28
85 46 5 28
67 83 5 28
97 76 5 28
33 98 5 28
79 50 5 28
87 54 49 56
68 42 49 56
93 5 49 56
38 33 49 56
49 56 49 53
94 29 49 53
49 68 49 53
88 3 49 53
96 83 49 53
66 82 49 53
62 46 49 53
14 93 49 53
3 33 49 53
92 55 49 53
45 93 5 6
44 52 5 6
15 37 5 6
23 39 5 6
39 17 5 6
19 64 5 6
49 61 45 93
64 86 45 93
49 62 45 93
82 38 45 93
49 99 45 93
33 11 45 93
2 71 45 93
87 54 45 93
97 30 45 93
76 14 49 61
73 9 49 61
90 80 49 61
83 69 49 61
95 0 49 61
18 57 49 61
29 84 49 61
34 81 6 57
37 46 6 57
49 82 34 81
95 0 34 81
62 46 34 81
40 67 34 81
29 93 6 81
38 92 6 81
97 57 6 81
16 91 6 81
36 76 29 93
95 69 29 93
3 64 29 93
48 59 29 93
62 46 36 76
99 24 36 76
59 64 36 76
49 63 36 76
94 77 36 76
49 58 36 76
27 69 36 76
49 77 36 76
42 67 36 76
40 98 6 83
9 60 6 83
89 7 6 83
29 93 6 83
40 67 6 83
90 93 40 98
70 87 40 98
84 99 40 98
25 50 40 98
49 59 40 98
45 25 40 98
23 39 40 98
99 6 40 98
2 79 40 98
45 88 6 39
93 6 6 39
24 5 6 39
90 11 45 88
49 70 45 88
77 44 45 88
72 2 45 88
26 64 45 88
49 60 45 88
42 56 7 56
22 94 7 56
84 33 7 56
9 90 7 56
12 96 7 56
7 6 7 56
97 92 42 56
88 35 42 56
87 40 42 56
39 90 42 56
44 76 42 56
82 74 42 56
17 95 42 56
34 81 42 56
35 29 7 90
66 82 7 90
0 94 7 90
29 75 7 90
21 15 7 90
49 56 7 90
49 61 7 90
49 60 35 29
70 48 35 29
98 86 35 29
88 50 35 29
1 26 35 29
5 28 35 29
27 69 35 29
68 42 35 29
12 96 35 29
52 14 49 60
88 50 49 60
65 39 49 60
88 3 49 60
50 73 49 60
45 58 7 6
96 71 7 6
49 99 7 6
49 60 7 6
49 82 7 6
83 11 45 58
87 54 45 58
96 83 45 58
34 81 45 58
44 76 8 90
56 99 8 90
90 93 8 90
62 46 8 90
49 70 44 76
92 1 44 76
80 0 44 76
18 79 44 76
85 46 44 76
97 57 44 76
37 73 8 80
20 53 8 80
47 82 8 80
99 50 8 80
31 68 8 80
85 24 8 80
35 29 8 80
89 7 37 73
49 51 37 73
95 0 37 73
99 6 37 73
50 73 37 73
96 51 37 73
81 32 37 73
28 2 37 73
47 57 37 73
72 2 37 73
70 87 37 73
80 29 37 73
99 81 41 98
27 85 41 98
25 50 41 98
92 1 41 98
41 98 49 51
90 76 49 51
80 0 49 51
77 44 49 51
73 9 49 51
82 74 49 51
42 74 49 51
31 72 49 51
50 73 49 51
48 59 8 49
30 73 8 49
61 13 8 49
49 60 8 49
11 73 8 49
46 56 8 49
98 86 48 59
80 0 48 59
85 46 48 59
89 91 48 59
37 18 9 86
54 39 9 86
63 77 33 98
73 9 33 98
97 57 33 98
77 38 33 98
56 99 33 98
6 83 33 98
31 72 33 98
97 84 33 98
48 59 33 98
74 93 33 98
89 7 37 18
33 98 37 18
77 44 37 18
58 50 37 18
70 48 37 18
97 43 37 18
40 59 37 18
47 57 37 18
17 54 37 18
48 0 9 90
81 94 9 90
25 44 9 90
56 99 9 90
49 77 9 90
38 92 9 90
91 9 48 0
49 62 48 0
98 27 48 0
43 59 48 0
97 55 48 0
88 35 48 0
77 44 48 0
41 61 48 0
49 84 48 0
49 52 9 23
63 44 9 23
17 54 9 23
70 48 9 23
94 29 49 52
49 74 49 52
51 73 49 52
49 56 49 52
29 90 9 60
1 61 9 60
49 99 9 60
88 50 9 60
31 72 29 90
49 74 29 90
55 46 29 90
49 51 29 90
31 0 29 90
76 94 31 72
84 25 31 72
98 27 31 72
97 43 31 72
42 67 31 72
63 44 31 72
46 79 10 96
54 67 10 96
49 95 10 96
49 60 10 96
90 76 10 96
95 0 10 96
47 72 10 96
49 88 46 79
67 83 46 79
99 24 46 79
49 68 46 79
34 81 46 79
83 23 46 79
90 76 49 88
70 48 49 88
81 46 49 88
1 23 49 88
8 80 49 88
42 67 10 75
5 94 10 75
28 65 10 75
16 49 10 75
0 73 10 75
96 71 42 67
49 68 42 67
49 70 42 67
82 74 42 67
48 56 42 67
74 93 42 67
35 63 10 80
3 64 10 80
49 69 35 63
73 9 35 63
53 52 35 63
37 46 35 63
29 75 10 44
49 62 10 44
38 33 10 44
84 99 29 75
91 9 29 75
97 55 29 75
15 56 29 75
60 18 29 75
34 61 29 75
40 59 11 73
97 43 40 59
84 90 40 59
76 94 40 59
83 11 40 59
88 35 40 59
80 29 40 59
32 76 11 99
2 87 11 99
49 88 11 99
62 46 32 76
97 76 32 76
61 13 32 76
1 51 32 76
37 97 11 64
13 99 11 64
61 13 32 86
88 3 32 86
35 29 32 86
24 54 32 86
19 97 32 86
80 0 32 86
32 86 37 97
49 78 37 97
87 54 37 97
99 94 37 97
62 46 37 97
1 51 37 97
84 33 37 97
25 44 37 97
34 26 12 96
89 91 12 96
90 80 12 96
30 74 12 96
96 25 12 96
90 11 34 26
80 0 34 26
55 46 34 26
22 49 34 26
11 73 34 26
19 97 34 26
35 83 12 51
97 43 12 51
52 14 12 51
3 55 12 51
43 59 35 83
72 2 35 83
90 80 35 83
84 25 35 83
25 44 35 83
49 63 43 59
83 11 43 59
87 40 43 59
99 6 43 59
46 56 43 59
28 2 12 54
4 55 12 54
59 47 28 2
49 66 28 2
84 33 28 2
5 74 28 2
36 85 13 98
54 67 13 98
46 56 13 98
25 50 13 98
49 68 33 87
97 43 33 87
9 60 33 87
19 97 33 87
97 84 36 85
33 87 36 85
49 70 36 85
85 24 36 85
93 6 36 85
39 74 36 85
98 27 13 87
49 70 13 87
30 1 13 87
58 50 13 87
19 64 13 87
2 73 13 87
49 62 13 64
98 86 13 64
49 68 13 64
16 72 13 64
29 93 13 64
32 34 13 99
3 55 13 99
43 27 13 99
22 79 13 99
45 88 13 99
75 89 32 34
58 50 32 34
78 47 32 34
99 81 32 34
80 29 32 34
20 97 32 34
49 62 14 75
65 16 14 75
93 5 14 75
24 5 14 75
62 46 14 75
97 76 14 86
96 83 14 86
49 66 14 86
76 14 14 86
88 3 14 86
99 94 14 86
65 16 14 10
77 44 14 10
97 6 14 10
81 47 14 10
58 50 14 10
49 66 14 93
94 57 14 93
20 64 14 93
65 39 15 79
85 24 15 79
73 46 15 79
55 46 15 79
28 65 15 56
49 76 15 56
32 76 15 56
33 98 15 56
88 50 28 65
88 35 28 65
99 81 28 65
5 6 28 65
97 76 28 65
1 86 28 65
17 95 28 65
71 79 15 63
54 39 15 63
49 56 15 63
12 54 15 63
9 23 15 63
30 1 15 37
99 46 15 37
68 42 15 37
25 44 15 37
37 46 30 1
94 57 30 1
88 3 30 1
61 13 30 1
90 93 30 1
83 69 30 1
52 14 30 1
99 6 30 1
59 47 30 1
49 78 37 46
49 66 37 46
9 86 37 46
67 83 37 46
44 52 16 91
12 54 16 91
62 46 44 52
50 73 44 52
49 95 44 52
49 53 44 52
45 88 44 52
80 29 44 52
37 18 44 52
31 68 16 72
25 6 16 72
80 0 16 72
43 64 16 72
0 73 16 72
97 84 31 68
52 45 31 68
59 47 31 68
96 25 31 68
97 57 31 68
34 26 31 68
81 46 16 49
84 25 16 49
49 66 16 49
49 59 16 49
38 10 16 49
92 1 16 55
94 57 16 55
30 73 16 55
45 25 17 54
12 51 17 54
49 78 36 87
70 87 36 87
95 0 36 87
61 13 36 87
93 5 36 87
49 76 36 87
17 54 36 87
36 87 45 25
58 50 45 25
1 51 45 25
77 38 45 25
26 64 45 25
27 82 17 95
42 67 17 95
75 89 27 82
96 25 27 82
51 73 27 82
93 5 27 82
5 74 27 82
38 50 27 82
99 50 17 49
68 42 17 49
20 64 17 49
88 35 17 49
75 89 17 49
97 76 17 49
97 76 18 79
82 74 18 79
57 33 18 79
11 64 18 79
51 73 18 79
98 86 18 82
92 55 18 82
19 64 18 82
49 69 18 82
70 48 18 82
42 56 18 82
34 61 18 50
8 80 18 50
78 47 34 61
75 36 34 61
83 23 34 61
99 6 34 61
49 69 18 57
49 82 18 57
84 25 18 57
99 94 18 57
98 73 18 57
99 6 18 57
39 90 19 65
34 26 19 65
49 77 19 65
3 33 19 65
88 50 19 65
49 70 39 90
99 24 39 90
71 79 39 90
12 96 39 90
18 57 39 90
35 63 39 90
24 73 39 90
82 74 19 97
97 92 19 97
35 63 19 97
57 33 19 64
67 83 19 64
92 1 19 64
64 86 19 64
87 82 20 86
49 95 20 86
48 56 20 86
49 63 20 97
80 29 20 97
11 99 20 97
71 79 20 97
48 0 20 97
85 46 20 53
97 55 20 53
99 24 20 53
78 47 20 53
49 78 20 53
49 62 20 53
97 92 20 64
49 59 20 64
83 11 20 64
34 61 20 64
97 84 20 64
69 93 21 96
49 74 21 96
26 40 21 96
55 46 21 96
76 94 21 67
97 55 21 67
12 51 21 67
96 83 21 67
82 74 21 67
54 67 21 94
90 11 21 94
99 24 21 94
84 33 21 94
56 99 21 15
81 94 21 15
67 83 21 15
49 84 21 15
13 98 21 15
47 82 22 79
49 77 22 79
2 71 22 79
37 97 22 79
15 63 22 79
92 1 47 82
63 77 47 82
88 35 47 82
21 96 47 82
48 56 47 82
9 90 47 82
42 67 47 82
33 11 22 94
8 90 22 94
17 54 22 94
49 89 33 11
91 9 33 11
61 13 33 11
13 64 33 11
34 43 22 49
29 84 22 49
84 99 22 49
57 33 22 49
74 93 34 43
97 43 34 43
81 47 34 43
82 74 34 43
99 81 23 80
87 54 23 80
52 14 23 80
54 39 23 80
40 67 23 97
74 93 23 97
54 67 40 67
50 73 40 67
88 3 40 67
18 50 40 67
46 5 40 67
29 93 40 67
23 80 40 67
97 84 23 39
89 91 23 39
39 96 23 39
89 7 23 39
9 60 23 39
32 76 23 39
81 32 24 73
64 86 24 73
78 47 24 73
0 94 24 73
15 56 24 73
49 74 24 78
67 83 24 78
29 84 24 78
38 50 24 5
0 94 24 5
36 85 24 5
21 15 24 5
88 35 24 5
87 82 38 50
49 62 38 50
88 50 38 50
85 24 38 50
49 59 24 54
81 47 24 54
49 52 24 54
86 15 25 50
73 9 25 50
17 54 25 50
68 42 25 75
69 93 25 75
83 11 25 75
64 86 25 6
96 71 25 6
28 65 25 6
49 62 25 6
25 50 25 6
90 80 25 44
55 46 25 44
15 79 25 44
85 46 25 44
76 14 25 44
59 64 26 64
50 73 26 64
31 68 26 64
10 75 26 64
99 6 26 93
69 93 26 93
41 91 26 93
61 13 26 40
88 3 26 40
42 67 26 40
51 73 26 40
70 87 27 85
99 24 27 85
84 25 27 85
42 74 27 85
51 73 27 90
90 93 27 90
49 68 27 90
49 76 27 90
49 77 27 90
49 84 27 90
49 95 27 90
49 99 27 90
50 73 27 90
52 45 27 90
52 14 27 90
53 52 27 90
54 39 27 90
58 50 27 90
60 18 27 90
62 14 27 90
63 44 27 90
63 77 27 90
66 82 27 90
67 83 27 90
70 48 27 90
72 95 27 90
72 2 27 90
73 46 27 90
75 36 27 90
76 14 27 90
77 44 27 90
77 38 27 90
79 50 27 90
80 29 27 90
80 0 27 90
81 47 27 90
81 94 27 90
82 38 27 90
83 23 27 90
83 69 27 90
84 33 27 90
84 25 27 90
88 35 27 90
88 3 27 90
89 91 27 90
89 7 27 90
92 55 27 90
93 5 27 90
93 6 27 90
94 77 27 90
94 57 27 90
95 69 27 90
95 0 27 90
97 55 27 90
97 30 27 90
97 6 27 90
98 73 27 90
99 94 27 90
99 46 27 90
32 86 27 90
62 46 27 90
10 96 27 90
18 82 27 90
20 97 49 62
67 83 49 62
43 64 49 62
40 67 49 62
45 25 49 63
49 95 49 63
88 50 49 63
32 34 49 66
40 98 49 66
30 74 49 68
86 15 49 69
14 86 49 69
46 56 49 69
23 39 49 70
41 91 49 70
11 73 49 70
35 63 49 70
1 51 49 74
49 53 49 74
49 52 49 76
46 79 49 76
63 77 49 76
49 95 49 76
33 11 49 77
40 59 49 77
14 93 49 78
38 33 49 78
28 2 49 82
8 90 49 82
41 98 49 84
90 80 49 84
68 42 49 84
36 87 49 84
18 50 49 89
41 80 49 95
10 80 49 99
65 39 49 99
49 74 49 99
25 75 49 99
66 82 49 59
36 87 49 59
20 53 49 59
81 32 50 73
30 74 50 73
13 99 50 73
33 98 51 73
24 5 52 45
9 90 52 14
24 5 52 14
29 75 52 14
20 53 52 14
49 84 53 52
20 53 54 67
96 71 54 39
6 83 54 39
3 55 54 39
20 64 54 39
36 76 55 46
99 81 56 99
4 75 56 99
42 74 56 99
15 37 56 99
76 14 57 33
46 56 57 33
38 10 57 33
10 44 58 50
36 85 59 64
14 10 59 64
87 54 59 64
49 66 59 47
38 10 59 47
20 86 59 47
63 44 60 18
14 10 61 13
48 0 61 13
60 18 61 13
87 40 62 46
49 77 62 46
19 64 62 46
49 60 62 14
14 10 62 14
35 29 62 14
26 93 63 44
38 33 63 44
78 47 63 44
0 73 63 44
0 94 63 77
14 10 63 77
46 5 63 77
63 44 64 86
3 33 64 86
14 93 65 39
28 2 65 39
11 99 65 16
72 2 65 16
94 57 66 82
20 86 67 83
45 58 67 83
97 84 68 42
97 55 69 93
45 25 70 48
87 82 70 87
35 83 70 87
49 74 70 87
6 83 70 87
58 50 71 79
4 75 71 79
6 39 71 79
14 75 71 79
72 2 72 95
1 86 72 95
37 46 72 95
80 29 72 2
21 67 72 2
99 24 73 9
31 0 73 9
96 71 73 9
84 99 73 9
60 18 73 46
99 46 73 46
3 61 73 46
49 74 74 93
36 76 74 93
18 57 74 93
31 72 75 89
64 86 75 89
44 52 75 36
86 15 75 36
40 67 76 14
14 10 76 14
26 40 76 14
83 11 76 14
49 53 76 94
26 64 76 94
14 10 76 94
26 40 77 44
89 7 77 44
23 80 77 44
36 76 77 44
31 0 77 38
73 9 78 47
46 79 78 47
74 93 78 47
75 36 79 50
39 96 80 29
5 74 80 29
48 56 80 29
93 6 80 29
18 79 80 0
61 13 80 0
45 93 81 47
73 46 81 94
10 80 81 94
31 0 81 94
21 94 81 94
52 45 81 46
59 47 81 32
1 61 81 32
49 77 82 38
25 50 82 38
17 95 82 74
3 55 82 74
69 93 82 74
1 86 83 11
81 94 83 23
93 6 83 23
85 24 83 69
52 14 83 69
97 76 83 69
42 67 84 33
8 80 84 33
7 6 84 33
8 90 84 25
17 49 84 25
42 56 84 25
56 99 84 25
54 39 84 90
75 36 84 90
6 57 84 90
21 94 84 90
88 3 84 99
90 11 85 46
40 98 85 46
1 86 85 24
63 77 85 24
41 91 85 24
15 63 85 24
42 56 85 24
62 46 86 15
98 86 86 15
39 17 86 15
75 36 87 82
90 93 87 82
84 90 87 82
20 53 87 82
16 55 87 82
49 66 87 82
27 82 87 40
25 75 87 40
72 2 87 40
96 51 87 54
46 5 87 54
84 90 87 54
10 44 87 54
66 82 87 88
0 94 87 88
14 93 87 88
49 61 87 88
15 56 87 88
8 90 88 50
78 47 88 50
35 63 88 50
34 43 88 50
34 43 88 35
49 76 88 35
65 16 88 3
41 80 88 3
5 94 88 3
47 72 89 91
56 99 89 7
29 90 89 7
43 27 89 7
84 33 89 7
63 44 89 7
75 36 89 7
40 59 90 11
52 14 90 11
87 54 90 11
45 93 90 76
44 52 90 80
10 80 90 80
26 93 90 80
70 48 90 80
20 53 90 80
73 46 90 93
95 0 90 93
49 82 90 93
77 38 90 93
43 27 90 93
28 65 91 9
97 84 91 9
49 82 91 9
88 3 91 9
42 67 92 1
49 69 92 1
79 50 92 1
29 84 92 1
10 44 92 55
0 90 92 55
87 82 92 55
38 10 92 55
44 52 92 55
21 15 92 55
98 27 93 5
26 64 93 5
80 0 93 5
81 47 93 6
46 79 93 6
45 25 94 77
32 76 94 77
86 15 94 77
34 26 94 77
52 14 94 77
58 50 94 77
38 50 94 57
2 71 94 57
1 23 94 57
71 79 94 57
11 64 94 57
25 75 94 57
84 25 94 29
90 80 94 29
1 51 94 29
12 96 94 29
1 86 94 29
16 55 94 29
4 97 95 69
0 94 95 69
46 56 95 69
97 43 95 69
68 42 95 69
48 0 95 69
43 64 95 0
30 73 95 0
52 14 96 51
49 84 96 51
84 99 96 51
3 55 96 51
98 27 96 51
19 97 96 71
93 5 96 25
21 67 96 25
78 47 96 25
44 52 96 25
28 56 96 25
49 58 96 83
4 97 97 92
54 67 97 92
35 63 97 92
17 49 97 57
24 73 97 57
27 90 97 57
50 73 97 57
72 2 97 57
49 52 97 76
10 96 97 76
45 58 97 84
52 14 97 55
23 80 97 55
6 81 97 43
82 74 97 43
29 93 97 43
2 79 97 43
48 56 97 43
49 52 97 30
34 81 97 30
48 56 97 30
14 86 97 30
85 24 97 30
62 46 97 30
19 64 97 6
49 95 97 6
99 94 97 6
49 68 97 6
29 93 97 6
42 56 97 6
34 61 98 73
49 84 99 94
34 26 99 94
82 38 99 6
39 96 99 81
89 91 99 81
83 11 99 81
99 6 99 24
56 99 99 24
13 64 99 24
93 6 99 50
31 68 99 50
29 90 99 50
20 86 99 50
49 63 99 50
59 64 99 50
37 46 99 50
7 6 99 50
20 53 99 50
2 79 99 50
25 44 99 50
38 50 99 50
73 46 99 50
17 95 99 50
14 75 99 50
61 13 99 50
2 71 99 50
49 56 99 46
9 90 99 46
63 77 99 46
72 95 99 46
11 64 99 46