100
500
3741
0 94 197
0 90 221
0 73 31
1 86 11
1 61 37
1 23 173
1 26 200
1 51 59
1 97 242
1 48 79
1 25 123
1 65 99
2 72 38
2 53 249
2 32 137
2 57 42
2 21 223
2 56 143
3 72 50
3 66 58
3 23 244
4 88 195
4 87 214
4 93 131
4 62 196
4 23 50
4 78 107
4 91 36
5 72 112
5 82 111
5 21 102
5 61 100
6 53 222
6 79 16
6 11 176
6 93 186
6 59 151
6 21 25
7 86 115
7 90 14
7 23 170
7 60 5
7 12 84
7 69 192
7 28 148
7 9 156
8 84 8
8 67 106
8 76 237
8 57 130
8 98 34
8 82 117
8 60 76
8 3 104
8 81 158
9 92 64
9 86 60
9 98 140
9 10 242
9 2 68
10 74 204
10 72 199
10 44 164
11 62 121
11 75 48
11 42 35
11 56 182
12 60 215
12 61 48
12 76 166
12 3 129
12 49 248
12 8 110
12 29 4
12 80 151
12 6 205
12 64 164
13 83 8
13 63 130
13 62 23
13 3 113
13 38 184
13 97 77
14 89 122
14 84 146
14 65 234
14 83 123
14 52 179
14 95 175
14 73 133
15 73 210
15 55 236
15 95 247
16 53 190
16 78 208
16 58 128
17 81 33
17 64 181
17 46 66
17 25 10
17 67 150
17 33 118
18 75 33
18 92 23
18 6 165
18 65 123
19 83 109
19 78 26
19 53 168
19 89 0
19 6 160
19 77 225
20 64 209
20 93 240
20 40 142
20 15 75
20 8 67
20 72 59
20 70 20
21 93 37
21 92 47
21 98 218
22 67 128
22 61 152
22 11 170
22 77 28
23 93 200
23 66 236
23 16 235
23 11 133
23 37 39
24 57 199
24 69 49
24 84 59
24 52 199
24 86 202
24 36 227
24 26 181
24 81 172
25 92 186
25 51 148
25 68 182
25 39 87
25 48 12
25 21 140
25 38 202
25 57 118
26 62 194
26 74 146
26 96 228
26 78 145
26 36 13
26 56 149
26 27 131
27 85 3
27 87 107
27 76 235
28 97 135
28 73 97
28 46 178
28 18 19
28 50 74
28 61 188
29 82 90
29 92 210
29 90 93
30 94 43
30 67 209
30 45 120
30 95 59
31 95 214
31 52 25
31 35 158
31 19 50
31 97 174
31 59 249
32 84 184
32 80 51
32 54 109
32 46 199
32 89 237
32 16 31
32 57 34
33 80 139
33 70 211
33 25 76
33 45 93
33 53 129
33 91 73
33 37 60
34 93 202
34 88 218
34 25 202
34 58 213
35 56 98
35 79 225
35 5 181
35 49 231
35 1 44
36 53 89
36 63 244
36 56 107
36 44 38
36 20 6
36 40 140
36 23 235
37 56 247
37 88 148
37 83 212
37 10 240
37 9 111
38 86 187
38 78 100
38 50 149
38 61 90
39 68 204
39 50 231
39 85 103
39 81 49
39 47 209
39 4 152
39 80 5
39 5 149
40 87 235
40 51 86
40 90 32
41 88 211
41 79 112
41 80 165
41 96 71
42 92 205
42 74 200
42 21 162
42 32 234
42 36 141
42 58 95
43 84 137
43 65 210
43 66 176
43 96 238
43 13 244
43 95 30
43 47 85
43 36 58
44 79 96
44 96 188
44 41 223
44 60 116
44 5 159
44 76 212
45 71 179
45 83 19
45 92 128
45 58 29
45 14 81
45 31 191
45 46 245
45 76 54
46 84 219
46 88 226
46 96 184
46 85 174
46 66 128
46 79 1
46 78 247
47 99 125
47 80 200
47 73 225
47 50 100
47 3 191
48 68 180
48 57 148
48 41 122
48 74 190
48 38 150
48 64 91
48 58 209
49 60 108
49 74 171
49 50 133
49 51 219
49 52 236
49 54 27
49 55 216
49 58 208
49 59 169
49 61 218
49 63 112
49 65 239
49 66 59
49 69 171
49 70 219
49 76 180
49 77 204
49 78 174
49 90 12
49 91 36
49 96 201
49 98 68
49 26 24
49 36 27
49 13 214
49 6 216
49 10 86
49 11 123
50 12 243
50 64 104
50 11 103
50 83 39
51 87 61
52 56 202
52 80 59
52 84 100
52 57 241
52 16 9
53 91 152
53 66 4
53 10 14
53 72 61
54 24 160
54 85 77
54 88 85
55 83 132
55 62 249
55 13 182
56 13 18
56 92 50
57 9 107
57 46 120
57 66 177
57 73 27
57 13 89
57 45 126
58 6 242
58 0 90
58 40 114
59 58 45
59 29 42
60 95 174
61 79 52
61 42 77
61 16 58
61 11 179
62 56 84
62 10 245
63 97 87
63 84 4
64 32 166
64 15 230
64 19 149
65 66 185
65 39 43
65 94 96
66 36 243
66 82 6
66 98 132
66 97 88
66 54 97
67 62 8
67 18 6
68 13 82
68 95 76
68 37 19
68 31 214
68 83 135
69 76 145
69 98 153
69 39 122
69 59 153
69 70 159
70 13 31
70 75 152
70 57 129
70 7 49
71 40 11
71 96 194
71 80 103
71 63 160
71 89 52
72 73 44
72 67 219
72 13 229
72 71 0
72 21 51
72 52 29
73 3 102
74 46 198
75 57 190
75 53 166
75 26 60
75 48 77
75 88 229
76 40 219
76 3 125
77 74 219
77 76 178
79 89 215
79 23 200
79 36 66
79 24 50
79 97 237
79 65 207
80 86 25
80 20 61
80 76 156
80 19 126
80 75 112
80 97 225
81 59 90
81 68 115
81 90 157
82 54 39
82 40 159
82 81 101
83 54 153
83 1 74
83 63 163
83 34 71
83 2 3
83 17 207
83 7 53
84 4 168
85 0 96
85 23 197
85 83 64
85 93 146
86 20 174
86 65 187
86 19 113
86 46 40
87 23 35
88 45 239
88 89 69
88 65 74
88 99 167
88 49 175
88 95 224
88 21 237
88 91 248
89 87 95
89 43 144
89 52 119
90 48 234
90 80 81
90 33 122
91 73 4
91 19 140
91 50 102
91 76 9
91 86 35
91 7 163
91 43 133
91 95 9
91 3 124
92 2 3
93 3 74
93 2 174
94 37 198
94 68 128
94 91 202
94 12 213
94 35 222
94 9 78
94 99 76
94 2 142
94 95 192
94 80 144
94 51 31
95 7 51
95 78 1
95 5 245
95 10 91
95 1 152
95 70 107
96 73 88
96 61 88
96 33 71
96 56 66
96 12 20
96 0 190
96 91 78
96 79 166
96 36 98
97 75 149
97 19 160
97 4 5
97 87 13
97 53 195
98 97 73
98 13 97
98 76 40
98 10 96
98 30 19
98 56 231
99 90 26
99 26 33
99 25 220
99 89 208
99 97 126
99 34 223
0 94 37 56
0 94 24 36
0 94 6 93
0 94 24 81
37 56 79 65
37 56 69 59
37 56 81 90
37 56 5 61
37 56 33 45
37 56 39 85
0 90 46 96
0 90 0 73
0 90 40 87
0 90 35 49
0 90 66 97
0 90 77 76
0 90 39 68
0 90 35 79
0 90 52 56
0 90 88 49
0 90 56 13
0 90 49 69
46 96 99 25
46 96 99 34
46 96 75 26
46 96 80 19
46 96 52 84
46 96 33 53
46 96 22 67
46 96 32 57
46 96 48 41
46 96 85 93
46 96 94 68
46 96 60 95
46 96 20 8
46 96 66 97
0 73 49 55
0 73 93 3
0 73 41 96
0 73 24 57
0 73 86 20
0 73 16 53
0 73 18 6
0 73 12 6
0 73 82 81
0 73 95 10
0 73 6 53
0 73 45 31
0 73 45 83
49 55 95 5
49 55 96 12
49 55 57 66
49 55 39 68
49 55 94 35
49 55 33 25
49 55 55 13
49 55 94 80
1 86 46 66
1 86 62 10
1 86 91 95
1 86 45 46
1 86 94 91
1 86 86 65
1 86 40 87
1 86 93 3
1 86 6 59
1 86 14 84
1 86 66 97
1 86 14 83
46 66 95 70
46 66 88 21
46 66 69 39
46 66 26 96
46 66 20 70
46 66 25 48
46 66 39 5
1 61 50 64
1 61 83 7
1 61 43 47
1 61 99 90
50 64 67 18
50 64 79 65
50 64 88 49
50 64 88 99
50 64 94 80
50 64 81 90
50 64 24 36
50 64 95 5
50 64 18 6
50 64 54 88
1 23 49 90
1 23 8 98
1 23 51 87
1 23 65 39
49 90 75 26
49 90 83 34
49 90 82 40
49 90 33 45
49 90 27 85
49 90 98 97
49 90 13 63
49 90 60 95
1 26 49 96
1 26 13 62
1 26 25 92
1 26 25 68
1 26 85 23
49 96 82 81
49 96 79 89
49 96 68 37
49 96 49 60
49 96 49 78
49 96 25 38
49 96 99 90
1 51 36 20
1 51 20 15
1 51 6 93
1 51 45 83
1 51 7 23
1 51 68 37
36 20 63 97
36 20 69 59
36 20 77 74
36 20 31 52
36 20 39 5
36 20 35 49
36 20 83 1
36 20 49 36
36 20 37 10
36 20 24 81
1 97 52 80
1 97 52 56
1 97 94 35
1 97 69 59
1 97 50 11
1 97 94 95
1 97 53 10
52 80 70 75
52 80 72 73
52 80 82 81
52 80 29 90
52 80 49 61
52 80 68 83
52 80 12 29
52 80 17 81
52 80 23 16
52 80 26 27
1 48 49 6
1 48 43 13
1 48 11 75
1 48 7 12
49 6 80 20
49 6 91 86
49 6 54 85
49 6 50 12
49 6 54 88
1 25 46 88
1 25 13 83
46 88 62 56
46 88 82 40
46 88 72 21
46 88 12 76
46 88 7 28
1 65 39 85
1 65 25 21
1 65 23 37
1 65 4 87
39 85 68 95
39 85 75 48
39 85 59 29
39 85 8 76
39 85 62 10
2 72 49 52
2 72 6 79
2 72 13 62
2 72 88 99
2 72 13 63
2 72 34 58
2 72 80 76
2 72 23 11
2 72 4 91
2 72 6 93
2 72 31 95
2 72 46 66
2 72 52 57
49 52 79 65
49 52 56 13
49 52 94 80
49 52 43 13
49 52 28 46
49 52 8 82
49 52 39 80
49 52 33 53
49 52 28 61
49 52 35 56
49 52 46 79
49 52 12 3
49 52 43 96
2 53 37 10
2 53 80 76
2 53 26 56
2 53 49 13
2 53 32 46
2 53 91 95
2 53 31 35
2 53 36 63
37 10 66 54
37 10 80 86
37 10 57 9
37 10 32 54
2 32 43 36
2 32 49 77
2 32 17 67
2 32 96 0
43 36 94 9
43 36 69 70
43 36 65 66
43 36 52 56
43 36 97 75
43 36 22 77
43 36 36 44
43 36 70 57
43 36 28 97
2 57 36 63
2 57 50 11
2 57 69 70
2 57 68 37
2 57 47 99
2 57 26 62
2 57 41 96
2 57 0 73
2 57 68 95
2 57 15 73
2 57 66 54
36 63 94 12
36 63 99 26
36 63 88 99
36 63 26 62
2 21 49 60
2 21 21 98
2 21 12 8
2 21 94 37
2 21 2 56
2 21 42 36
2 21 36 23
2 21 94 9
49 60 86 20
49 60 71 96
49 60 86 46
49 60 8 60
49 60 12 64
49 60 20 8
49 60 49 91
49 60 7 60
49 60 15 73
49 60 71 63
49 60 60 95
49 60 4 87
2 56 49 69
2 56 74 46
2 56 86 19
2 56 65 39
41 88 84 4
41 88 70 57
41 88 98 56
41 88 79 65
41 88 94 95
41 88 38 86
47 3 41 88
47 3 66 54
47 3 69 98
47 3 68 83
47 3 69 76
47 3 43 36
47 3 19 78
47 3 54 88
47 3 88 99
47 3 9 86
47 3 25 68
47 3 12 3
47 3 7 60
49 69 47 3
49 69 83 1
49 69 8 57
49 69 12 80
49 69 49 74
49 69 37 9
3 72 48 74
3 72 14 89
3 72 94 9
3 72 5 82
3 72 37 10
3 72 49 65
3 72 95 78
3 72 12 76
3 72 31 35
3 72 65 66
3 72 99 90
3 72 29 90
3 72 25 57
48 74 95 5
48 74 83 7
48 74 82 40
48 74 40 90
48 74 20 15
48 74 75 48
48 74 28 73
48 74 22 67
48 74 86 65
48 74 48 38
48 74 36 23
48 74 68 13
48 74 66 36
48 74 69 70
3 66 45 92
3 66 45 76
3 66 61 42
3 66 96 56
45 92 80 75
45 92 75 26
45 92 62 10
45 92 32 16
45 92 1 26
45 92 16 53
45 92 58 0
45 92 71 89
45 92 17 81
45 92 19 89
45 92 23 11
45 92 50 11
3 23 48 58
3 23 54 24
3 23 88 45
3 23 7 86
3 23 42 36
3 23 8 57
3 23 49 54
48 58 95 5
48 58 66 36
48 58 79 65
48 58 82 81
48 58 88 65
48 58 28 73
48 58 17 64
48 58 96 0
48 58 73 3
48 58 28 18
48 58 49 51
4 88 49 63
4 88 39 47
4 88 1 97
49 63 74 46
49 63 79 65
49 63 68 31
49 63 98 13
49 63 16 78
49 63 69 70
49 63 50 83
49 63 42 36
49 63 31 35
49 63 1 97
49 63 96 0
49 63 14 65
49 63 28 50
49 63 31 52
4 87 51 87
4 87 32 57
4 87 88 49
51 87 85 93
51 87 80 76
51 87 71 63
51 87 2 57
51 87 8 84
4 93 53 10
4 93 41 88
4 93 72 52
4 93 80 76
4 93 43 13
4 93 92 2
4 93 8 81
53 10 71 89
53 10 86 46
53 10 94 2
53 10 1 23
53 10 96 61
53 10 7 86
53 10 68 37
53 10 42 32
53 10 28 50
53 10 93 3
4 62 42 92
4 62 39 68
4 62 19 77
4 62 68 83
4 62 17 64
4 62 20 15
4 62 33 70
4 62 69 70
4 62 77 74
4 62 12 76
4 62 68 95
4 62 97 4
4 62 61 16
42 92 45 46
42 92 69 59
42 92 69 70
42 92 46 66
42 92 95 5
42 92 8 60
42 92 49 60
42 92 79 97
42 92 50 64
42 92 17 81
42 92 95 10
42 92 53 91
42 92 36 63
42 92 69 98
45 46 80 20
45 46 88 99
45 46 96 56
45 46 71 40
45 46 26 78
45 46 4 91
4 23 47 50
4 23 10 74
43 65 85 0
43 65 91 95
43 65 95 78
43 65 79 23
43 65 99 90
43 65 72 13
43 65 91 7
43 65 77 76
43 65 46 66
43 65 39 50
43 65 4 87
43 65 49 69
43 65 22 77
43 65 83 34
47 50 43 65
47 50 22 11
47 50 34 25
47 50 5 61
47 50 24 86
4 78 46 79
4 78 57 73
4 78 2 32
4 78 43 95
4 78 24 26
4 78 86 20
4 78 68 95
42 58 86 46
42 58 48 64
42 58 18 92
42 58 35 56
42 58 49 96
42 58 38 86
42 58 80 75
42 58 62 56
42 58 7 60
42 58 9 98
42 58 94 37
42 58 81 90
42 58 7 28
46 79 42 58
46 79 97 4
46 79 68 83
46 79 95 1
46 79 81 68
46 79 88 91
46 79 89 43
46 79 14 73
46 79 22 67
46 79 98 30
46 79 40 51
4 91 44 79
4 91 65 94
4 91 38 78
4 91 79 97
4 91 28 73
4 91 43 36
4 91 85 0
44 79 88 45
44 79 72 52
44 79 83 1
44 79 98 56
5 72 47 80
5 72 17 67
5 72 98 56
5 72 75 48
5 72 73 3
5 72 43 36
5 72 3 72
5 72 49 77
5 72 41 79
5 72 71 63
47 80 80 75
47 80 93 3
47 80 96 56
47 80 72 21
47 80 50 64
47 80 55 83
47 80 79 36
47 80 71 80
47 80 49 77
47 80 24 84
47 80 90 80
47 80 45 71
47 80 53 66
47 80 49 70
5 82 47 99
5 82 42 21
5 82 48 38
5 82 57 9
5 82 20 70
5 82 34 58
5 82 48 74
5 82 6 79
5 82 19 78
5 82 83 17
47 99 91 19
47 99 94 35
47 99 54 88
47 99 4 87
47 99 39 80
5 21 49 98
5 21 89 52
5 21 32 57
5 21 94 91
5 21 11 75
5 21 48 38
5 21 41 79
5 21 20 64
5 21 18 92
49 98 50 11
49 98 99 90
49 98 49 76
49 98 84 4
49 98 23 11
49 98 38 50
50 11 63 97
50 11 94 99
50 11 99 97
50 11 97 87
50 11 79 65
50 11 32 16
50 11 9 2
50 11 80 75
50 11 43 65
50 11 25 38
50 11 94 9
50 11 11 56
50 11 47 99
50 11 3 72
50 11 97 53
50 11 37 56
5 61 49 54
5 61 57 45
5 61 22 11
5 61 25 38
49 54 99 26
49 54 97 19
49 54 82 40
49 54 0 73
49 54 26 74
49 54 37 83
49 54 91 3
49 54 83 17
6 53 49 78
6 53 6 11
6 53 61 79
6 53 89 52
6 53 97 75
6 53 67 62
6 53 18 6
6 53 50 12
6 53 61 11
6 53 89 87
6 53 31 35
6 53 91 73
6 53 35 1
49 78 69 98
49 78 61 16
49 78 83 7
49 78 12 76
49 78 49 36
49 78 22 77
49 78 11 75
49 78 2 57
49 78 12 8
49 78 50 11
49 78 19 53
49 78 11 42
49 78 32 54
49 78 20 15
6 79 44 96
6 79 8 84
44 96 76 3
44 96 98 97
44 96 55 62
44 96 95 10
44 96 24 84
44 96 7 12
44 96 49 58
44 96 94 51
44 96 28 46
44 96 23 16
44 96 45 31
44 96 49 61
6 11 43 84
43 84 53 72
43 84 91 43
43 84 93 3
43 84 1 61
43 84 19 83
43 84 8 76
43 84 96 61
53 72 91 95
53 72 99 34
53 72 68 13
53 72 70 75
53 72 94 99
53 72 12 8
53 72 31 97
53 72 19 78
53 72 2 57
53 72 52 84
53 72 1 25
53 72 88 21
53 72 94 51
53 72 99 97
53 72 21 93
6 93 44 5
6 93 1 61
6 93 70 13
6 93 33 37
6 93 40 51
6 93 4 87
6 93 32 89
6 93 35 1
6 93 49 66
6 93 49 76
6 93 49 78
6 93 89 87
6 93 42 74
44 5 88 89
44 5 90 80
44 5 72 21
44 5 18 92
44 5 45 83
44 5 49 52
44 5 23 16
44 5 43 66
44 5 89 87
44 5 50 64
44 5 9 10
44 5 4 91
44 5 96 73
6 59 49 66
6 59 31 19
6 59 49 90
6 59 86 65
6 59 95 1
6 59 14 89
6 59 69 76
6 59 32 89
6 59 99 26
6 59 35 1
6 59 43 66
49 66 92 2
49 66 88 21
49 66 99 26
49 66 33 70
49 66 26 36
49 66 45 76
49 66 20 40
6 21 40 90
6 21 18 65
6 21 32 16
6 21 99 97
40 90 89 52
40 90 62 56
40 90 69 76
40 90 17 67
40 90 94 37
40 90 53 66
40 90 96 56
40 90 69 70
40 90 55 83
40 90 90 33
40 90 44 79
40 90 49 74
40 90 91 76
40 90 40 51
40 90 57 73
7 86 42 32
7 86 98 56
7 86 49 26
7 86 7 60
7 86 49 6
42 32 45 58
42 32 90 48
42 32 68 95
42 32 94 68
42 32 2 57
42 32 45 14
42 32 1 23
42 32 42 74
42 32 66 54
45 58 94 80
45 58 57 46
45 58 95 10
45 58 94 95
45 58 35 79
7 90 48 68
7 90 66 82
7 90 7 86
7 90 35 79
7 90 43 66
7 90 13 63
7 90 7 23
7 90 90 33
7 90 94 51
7 90 19 83
7 90 24 36
48 68 84 4
48 68 61 16
48 68 95 10
48 68 49 60
48 68 33 53
48 68 96 73
48 68 90 48
48 68 49 59
48 68 46 96
7 23 37 9
7 23 2 21
7 23 62 10
37 9 38 50
37 9 83 63
37 9 92 2
37 9 39 4
37 9 95 5
37 9 88 45
37 9 72 52
37 9 42 74
37 9 97 19
37 9 63 97
38 50 62 56
38 50 66 54
38 50 94 9
38 50 65 94
38 50 71 40
38 50 29 82
38 50 45 58
38 50 27 85
38 50 20 64
38 50 23 37
38 50 56 92
7 60 52 84
7 60 24 36
7 60 4 87
7 60 43 13
7 60 89 87
7 60 20 72
7 60 83 1
7 60 8 84
52 84 95 7
52 84 96 56
52 84 98 76
52 84 83 17
7 12 43 47
7 12 7 86
7 12 12 80
7 12 88 95
7 12 94 91
7 12 17 81
7 12 5 82
7 12 51 87
7 12 17 67
7 12 86 46
43 47 90 80
43 47 57 73
43 47 97 75
43 47 16 58
43 47 8 60
43 47 66 36
7 69 38 78
7 69 14 83
7 69 91 95
7 69 66 97
7 69 56 92
7 69 11 62
7 69 1 97
38 78 65 39
38 78 63 97
38 78 82 40
38 78 77 76
38 78 7 12
38 78 2 32
38 78 21 98
38 78 52 56
38 78 61 11
38 78 49 98
38 78 94 37
38 78 91 43
38 78 83 17
38 78 2 53
7 28 43 95
7 28 8 76
7 28 44 79
7 28 94 2
7 28 5 82
36 23 83 1
36 23 96 79
36 23 71 96
36 23 49 98
36 23 24 52
36 23 20 70
36 23 49 65
36 23 63 84
36 23 15 55
36 23 48 41
36 23 2 57
43 95 36 23
43 95 85 23
43 95 83 34
43 95 64 32
43 95 46 66
43 95 91 73
43 95 77 76
7 9 45 14
7 9 49 13
7 9 37 9
45 14 97 53
45 14 95 1
45 14 96 12
45 14 26 56
45 14 68 37
45 14 65 66
45 14 83 1
45 14 43 95
45 14 34 93
8 84 37 88
8 84 88 49
8 84 65 39
8 84 47 73
8 84 48 58
37 88 48 41
37 88 80 76
37 88 98 97
37 88 96 73
37 88 81 59
37 88 6 79
37 88 40 90
37 88 30 95
37 88 36 53
37 88 84 4
37 88 7 9
37 88 11 42
37 88 14 84
37 88 6 53
37 88 27 87
37 88 4 88
48 41 96 0
48 41 81 90
48 41 91 95
48 41 49 77
48 41 13 3
48 41 59 58
48 41 66 82
48 41 85 23
48 41 50 64
8 67 49 51
8 67 36 20
8 67 99 89
8 67 91 7
8 67 28 61
8 67 24 81
8 67 79 65
8 67 92 2
8 67 85 0
49 51 94 95
49 51 56 13
49 51 96 56
49 51 16 78
49 51 94 51
49 51 96 61
49 51 95 5
8 76 48 38
8 76 88 65
8 76 27 87
8 76 44 79
8 76 87 23
8 76 61 11
8 76 95 1
8 76 32 80
48 38 49 36
48 38 88 89
48 38 62 56
48 38 69 98
48 38 17 46
48 38 68 83
48 38 37 83
48 38 46 96
48 38 18 65
48 38 11 62
48 38 72 13
48 38 49 98
49 36 88 91
49 36 82 54
49 36 89 43
49 36 33 25
49 36 45 71
49 36 2 21
49 36 89 52
49 36 72 67
49 36 36 53
49 36 38 50
49 36 94 37
8 57 37 83
8 57 7 23
8 57 70 13
8 57 61 79
8 57 94 99
8 57 94 51
8 57 13 62
8 57 25 57
37 83 71 40
37 83 83 7
37 83 94 95
37 83 91 43
37 83 82 40
37 83 5 82
37 83 94 35
37 83 4 23
37 83 75 57
8 98 48 57
8 98 7 23
8 98 95 1
8 98 83 63
8 98 36 44
8 98 46 79
8 98 25 92
8 98 42 74
8 98 15 73
8 98 68 31
48 57 94 99
48 57 98 13
48 57 76 40
48 57 87 23
48 57 49 58
48 57 49 61
48 57 49 26
48 57 49 50
48 57 36 23
48 57 44 5
48 57 25 38
48 57 31 52
48 57 46 66
48 57 45 83
48 57 45 71
8 82 53 91
8 82 47 73
8 82 68 83
8 82 3 66
8 82 95 7
8 82 30 45
8 82 80 19
8 82 32 16
8 82 99 90
8 82 43 84
8 82 96 73
8 82 49 59
53 91 70 75
53 91 68 83
53 91 75 26
53 91 7 28
53 91 50 11
53 91 95 1
53 91 31 19
53 91 38 86
53 91 50 12
53 91 13 3
53 91 49 10
53 91 49 91
53 91 25 48
8 60 46 84
8 60 14 65
8 60 71 89
8 60 95 78
39 47 64 15
39 47 94 68
39 47 96 0
39 47 26 78
39 47 23 11
39 47 96 61
39 47 94 37
39 47 49 76
39 47 10 72
39 47 64 32
39 47 1 51
39 47 6 53
39 47 24 26
46 84 39 47
46 84 94 9
46 84 89 87
46 84 96 91
46 84 99 89
46 84 16 53
46 84 2 53
46 84 28 18
46 84 30 45
46 84 8 82
46 84 14 84
46 84 85 23
46 84 43 47
8 3 38 61
8 3 58 40
8 3 48 58
8 3 27 87
8 3 32 54
8 3 19 6
8 3 45 76
8 3 90 48
8 3 41 80
38 61 71 63
38 61 83 17
38 61 90 33
38 61 80 20
38 61 73 3
38 61 8 76
38 61 72 52
38 61 7 23
38 61 57 66
38 61 25 57
38 61 35 5
38 61 33 70
8 81 39 5
8 81 44 79
8 81 30 94
8 81 61 11
8 81 55 13
8 81 83 1
8 81 93 3
8 81 53 91
8 81 79 24
39 5 61 11
39 5 76 3
39 5 71 96
39 5 80 75
39 5 79 36
39 5 57 73
39 5 8 57
39 5 91 50
39 5 35 79
39 5 45 46
39 5 5 72
39 5 43 65
39 5 52 56
9 92 50 83
9 92 49 54
9 92 16 78
9 92 76 40
9 92 85 23
9 92 36 44
9 92 41 80
9 92 9 98
50 83 69 59
50 83 72 13
50 83 63 84
50 83 53 91
50 83 30 45
50 83 70 75
50 83 98 13
50 83 20 40
50 83 66 98
50 83 69 98
50 83 9 86
9 86 49 58
9 86 99 25
9 86 72 21
9 86 19 6
9 86 65 39
49 58 66 36
49 58 77 74
49 58 75 57
49 58 49 10
49 58 11 75
49 58 77 76
49 58 39 47
49 58 43 96
49 58 3 23
49 58 58 0
49 58 47 99
49 58 46 85
9 98 45 76
9 98 94 95
9 98 32 84
9 98 22 67
9 98 55 13
9 98 11 56
9 98 31 97
9 98 45 58
9 98 29 82
45 76 55 62
45 76 75 53
45 76 68 95
45 76 66 36
45 76 46 84
45 76 35 79
45 76 17 25
45 76 4 87
9 10 49 10
9 10 52 80
9 10 10 44
9 10 49 50
9 10 41 80
9 10 48 74
9 10 11 42
9 10 90 48
9 10 31 97
9 10 71 80
9 10 11 56
49 10 70 13
49 10 56 13
49 10 71 63
49 10 95 5
49 10 94 35
49 10 96 91
49 10 23 93
49 10 96 56
49 10 40 51
49 10 97 4
49 10 58 6
9 2 45 83
9 2 30 45
41 80 96 73
41 80 91 73
41 80 6 59
41 80 4 87
41 80 20 93
41 80 60 95
41 80 0 73
45 83 82 54
45 83 41 80
45 83 88 95
45 83 72 13
45 83 57 66
45 83 49 58
45 83 42 36
45 83 33 91
45 83 4 93
45 83 0 94
45 83 11 62
45 83 75 48
45 83 45 31
45 83 35 5
45 83 27 76
45 83 88 99
10 74 49 76
10 74 98 13
10 74 57 9
49 76 99 26
49 76 98 10
49 76 61 79
49 76 7 60
49 76 49 11
49 76 4 62
10 72 49 26
10 72 34 58
10 72 31 52
10 72 22 67
49 26 66 36
49 26 97 75
49 26 99 90
49 26 46 85
49 26 56 13
49 26 32 54
49 26 36 23
49 26 43 96
49 26 12 80
49 26 13 97
10 44 41 79
10 44 58 6
10 44 64 19
10 44 8 57
10 44 49 11
10 44 48 58
10 44 86 19
41 79 54 24
41 79 95 7
41 79 91 50
41 79 49 65
41 79 9 10
41 79 14 52
41 79 96 61
41 79 49 70
41 79 1 48
41 79 98 13
41 79 96 73
41 79 72 71
41 79 36 63
41 79 39 5
41 79 88 91
54 24 97 53
54 24 95 78
54 24 85 23
54 24 88 45
54 24 97 4
54 24 95 1
54 24 36 40
54 24 2 32
54 24 24 81
54 24 99 90
54 24 69 70
54 24 36 20
11 62 44 41
11 62 57 66
11 62 53 10
11 62 33 91
11 62 35 56
11 62 47 73
11 62 24 84
44 41 86 20
44 41 80 20
44 41 82 54
44 41 88 95
44 41 21 93
44 41 48 38
44 41 4 23
44 41 70 57
11 75 38 86
11 75 0 90
11 75 96 79
11 75 42 36
11 75 85 23
11 75 49 76
11 75 36 44
11 75 91 76
11 75 65 94
11 75 12 49
11 75 88 95
11 75 7 69
11 75 82 81
38 86 68 95
38 86 63 97
38 86 70 13
38 86 52 80
38 86 98 97
38 86 91 76
38 86 44 76
11 42 52 57
11 42 49 91
11 42 5 72
11 42 0 73
11 42 8 57
11 42 34 58
11 42 61 42
52 57 72 21
52 57 85 0
52 57 85 93
52 57 46 78
52 57 1 86
52 57 90 80
11 56 50 12
11 56 43 47
11 56 96 61
11 56 0 90
11 56 28 50
11 56 26 56
11 56 68 95
11 56 88 99
11 56 25 51
11 56 26 78
50 12 68 31
50 12 71 40
50 12 82 81
50 12 91 86
50 12 12 8
50 12 33 45
50 12 17 81
50 12 97 19
50 12 44 96
12 60 49 91
12 60 45 46
12 60 77 74
12 60 25 38
12 60 79 89
12 60 94 9
12 60 26 62
12 60 63 84
49 91 88 95
49 91 69 70
49 91 94 99
49 91 26 27
49 91 66 36
49 91 45 71
49 91 30 94
49 91 28 46
49 91 79 24
49 91 25 39
49 91 48 64
49 91 32 57
12 61 49 13
12 61 53 91
12 61 12 6
12 61 23 66
12 61 20 64
12 61 9 92
12 61 34 93
12 61 26 96
12 61 94 91
12 61 82 54
12 61 18 65
49 13 90 80
49 13 83 17
49 13 66 36
49 13 43 36
12 76 47 73
12 76 49 59
12 76 83 1
12 76 76 3
12 76 75 53
12 76 15 73
12 76 57 46
12 76 28 97
12 76 95 1
12 76 18 75
12 76 23 93
47 73 58 6
47 73 83 63
47 73 95 78
47 73 91 50
47 73 7 90
47 73 49 65
47 73 7 12
12 3 45 31
12 3 49 61
12 3 72 73
12 3 13 83
12 3 69 70
12 3 88 49
12 3 12 29
12 3 94 51
12 3 71 89
12 3 21 92
12 3 28 46
39 4 99 26
39 4 70 75
39 4 72 73
39 4 99 90
45 31 39 4
45 31 89 43
45 31 94 12
45 31 79 89
45 31 25 38
45 31 70 13
45 31 75 88
12 49 49 50
12 49 32 80
12 49 86 20
12 49 43 66
12 49 93 2
49 50 91 76
49 50 88 49
49 50 96 61
49 50 10 44
49 50 94 9
49 50 88 65
49 50 23 37
49 50 49 61
12 8 91 95
12 8 99 89
12 8 37 83
12 8 88 99
12 8 23 37
12 8 69 98
12 8 45 76
12 8 21 98
12 8 66 97
12 8 47 50
12 29 42 21
12 29 6 21
12 29 12 64
12 29 20 8
12 29 64 19
12 29 91 95
12 29 49 13
12 29 81 59
12 29 58 40
12 29 57 66
12 29 20 64
42 21 83 63
42 21 55 13
42 21 83 34
42 21 77 74
42 21 97 19
42 21 98 76
42 21 4 62
42 21 70 13
42 21 93 2
12 80 49 59
12 80 64 32
12 80 52 56
12 80 80 19
49 59 84 4
49 59 98 76
49 59 72 73
49 59 72 21
49 59 19 78
49 59 37 83
49 59 49 70
49 59 96 73
49 59 24 52
49 59 98 10
49 59 88 49
49 59 58 0
49 59 94 91
12 6 97 19
12 6 91 3
12 6 49 65
12 6 12 3
12 6 1 61
12 6 77 76
12 6 32 57
12 6 45 76
12 6 94 12
12 6 68 95
12 6 12 64
12 6 6 93
12 6 49 76
12 64 71 89
12 64 89 43
12 64 14 73
12 64 25 92
12 64 49 54
12 64 15 95
12 64 64 19
12 64 86 65
12 64 72 67
13 83 92 2
13 83 79 23
13 83 24 57
13 83 45 83
13 83 24 52
13 83 83 63
13 83 37 10
13 83 88 65
13 63 91 86
13 63 59 29
13 63 25 38
13 63 46 79
13 63 44 76
13 63 79 24
13 63 43 66
13 63 69 70
13 62 91 19
13 62 57 13
13 62 6 53
13 62 48 64
13 62 99 26
13 62 49 50
13 62 7 23
13 62 17 46
13 62 66 97
13 62 91 50
13 62 30 67
13 62 49 58
13 3 48 64
13 3 53 72
13 3 68 31
13 3 5 72
13 3 66 97
13 3 47 73
13 3 4 88
13 3 19 77
13 3 14 65
13 3 28 18
13 3 52 16
13 3 32 46
48 64 83 54
48 64 72 13
48 64 57 73
48 64 80 86
48 64 29 92
48 64 20 8
48 64 49 70
48 64 11 42
48 64 12 3
48 64 16 78
13 38 77 76
13 38 77 74
13 38 83 34
13 38 96 36
13 38 2 56
13 38 4 88
13 38 7 12
13 38 96 79
13 38 50 64
13 38 43 95
13 38 33 37
13 38 35 1
13 97 88 49
13 97 91 73
13 97 44 96
13 97 49 91
13 97 80 97
14 89 79 36
14 89 97 75
14 89 26 78
14 84 80 20
14 84 96 36
14 84 94 51
14 84 49 69
14 84 63 84
14 84 24 57
14 84 42 32
14 65 44 60
14 65 83 63
14 65 90 33
14 65 36 44
14 65 94 68
14 65 71 80
14 65 28 61
14 65 20 72
44 60 58 40
44 60 69 76
44 60 67 18
44 60 29 90
44 60 36 20
44 60 85 83
44 60 52 56
44 60 72 52
44 60 94 37
44 60 44 79
44 60 80 76
14 83 91 86
14 83 94 80
14 83 50 11
14 83 96 0
14 83 72 21
14 52 65 66
14 52 83 1
14 52 44 76
14 95 83 34
14 95 73 3
14 95 83 2
14 95 12 80
14 95 38 86
14 73 46 78
14 73 67 62
46 78 96 61
46 78 88 45
46 78 55 83
46 78 31 19
46 78 67 18
15 73 80 86
15 73 72 21
15 73 23 11
15 55 99 90
15 55 80 19
15 55 32 57
15 55 2 57
15 55 86 20
15 55 47 80
15 55 28 50
15 55 94 91
15 55 13 62
15 55 58 6
15 55 13 83
15 55 17 64
15 55 1 48
15 55 27 76
15 95 80 19
15 95 64 19
15 95 46 88
16 53 91 95
16 53 88 65
16 53 72 71
16 53 44 79
16 53 80 75
16 53 32 46
16 53 43 13
16 53 64 19
16 53 8 57
16 53 69 98
16 53 96 56
16 78 86 19
16 78 61 79
16 78 33 53
16 78 44 41
16 78 48 57
16 78 37 9
16 78 94 51
16 78 36 20
16 58 42 74
16 58 19 77
16 58 48 58
16 58 98 13
16 58 28 50
16 58 49 13
16 58 12 6
16 58 5 72
16 58 34 88
16 58 15 95
16 58 19 89
16 58 81 68
42 74 72 52
42 74 79 36
42 74 91 7
42 74 4 78
42 74 13 97
42 74 13 83
42 74 42 92
42 74 6 11
42 74 98 10
42 74 29 92
42 74 12 60
42 74 49 90
42 74 8 57
17 81 79 65
17 81 66 82
17 81 1 23
17 81 13 97
17 81 85 23
17 81 33 37
17 81 88 49
17 81 98 76
17 81 52 16
17 81 49 55
17 81 34 25
17 81 22 67
17 81 21 92
17 81 19 78
17 64 94 2
17 64 77 76
17 64 69 39
17 64 61 79
17 64 72 67
17 64 97 4
17 64 52 80
17 64 22 67
17 64 24 36
17 64 49 54
17 64 91 76
17 64 54 24
17 46 83 63
17 46 90 48
17 46 79 97
17 46 46 96
17 46 34 25
17 46 93 2
17 25 95 78
17 25 54 88
17 25 20 64
17 25 83 63
17 25 39 5
17 25 1 51
17 25 61 11
17 25 29 92
17 25 49 26
17 25 49 55
17 25 94 35
17 67 75 57
17 67 99 34
17 67 50 12
17 67 84 4
17 67 88 65
17 67 31 52
17 67 45 46
17 67 7 9
17 67 36 63
17 67 68 83
17 33 49 11
17 33 94 51
17 33 20 64
17 33 44 60
17 33 97 19
17 33 35 1
17 33 66 98
17 33 46 88
17 33 49 91
17 33 98 56
49 11 55 83
49 11 79 24
49 11 72 13
49 11 44 79
49 11 48 74
49 11 40 51
49 11 9 92
49 11 49 78
18 75 36 40
18 75 62 10
18 75 34 25
18 75 11 75
18 75 91 95
18 75 18 92
18 75 13 3
18 75 49 52
18 75 31 35
18 75 46 84
18 75 1 23
36 40 95 1
36 40 97 19
36 40 83 7
36 40 31 59
36 40 89 43
36 40 46 96
36 40 13 38
36 40 6 93
36 40 39 80
36 40 49 63
36 40 54 88
36 40 31 35
18 92 49 70
18 92 72 21
18 92 94 95
18 92 83 63
18 92 94 2
18 92 99 26
18 92 12 76
18 92 7 90
49 70 76 40
49 70 72 52
49 70 71 63
49 70 72 67
49 70 33 37
49 70 85 93
18 6 72 13
18 6 91 7
18 6 83 2
18 6 7 9
18 6 22 77
18 6 42 36
18 6 12 6
18 6 43 36
18 6 44 60
18 65 77 76
18 65 68 83
18 65 97 53
18 65 4 91
18 65 64 32
18 65 33 70
18 65 6 53
18 65 27 87
18 65 3 72
18 65 32 16
18 65 49 50
19 83 43 66
19 83 48 38
19 83 46 96
19 83 48 41
19 83 4 88
19 83 18 6
43 66 95 5
43 66 68 31
43 66 72 73
43 66 18 75
43 66 91 86
43 66 39 4
43 66 91 3
43 66 12 3
43 66 99 89
43 66 44 96
43 66 52 57
43 66 43 65
19 78 83 17
19 78 61 16
19 78 94 35
19 78 12 64
19 78 6 11
19 78 83 34
19 78 19 89
19 78 10 74
19 78 52 57
19 78 12 49
19 78 19 83
19 78 49 58
19 53 41 96
19 53 4 78
19 53 98 10
19 53 89 87
19 53 52 16
19 53 32 16
19 53 28 50
19 53 52 57
41 96 72 52
41 96 85 93
41 96 61 16
41 96 31 59
41 96 18 75
41 96 46 85
41 96 92 2
19 89 61 11
19 89 68 95
19 89 66 98
19 89 1 51
19 89 52 57
19 89 64 15
19 89 24 36
19 89 2 21
19 89 6 53
19 6 91 50
19 6 94 12
19 6 96 12
19 6 87 23
19 6 80 97
19 6 94 35
19 6 52 80
19 6 12 64
19 6 79 97
19 77 94 95
19 77 56 92
19 77 71 89
19 77 48 74
19 77 88 21
19 77 36 44
20 64 70 7
20 64 95 10
20 64 12 6
20 64 66 54
20 93 70 13
20 93 97 75
20 93 72 21
20 93 46 88
20 93 13 62
20 93 42 32
20 93 98 56
20 93 94 80
20 93 48 64
20 93 7 60
20 93 29 82
20 93 31 35
20 40 57 66
20 40 83 2
20 40 44 41
20 40 18 75
20 40 30 45
20 40 31 59
20 40 15 73
20 40 81 59
20 40 4 91
20 40 19 89
20 15 49 74
20 15 36 56
20 15 49 54
20 15 8 60
20 15 10 44
49 74 59 29
49 74 94 35
49 74 71 89
49 74 8 98
49 74 66 98
49 74 99 25
20 8 66 98
20 8 91 76
20 8 81 90
20 8 91 73
20 72 66 98
20 72 94 51
20 72 81 90
20 72 20 40
20 72 33 25
20 72 44 76
20 70 90 33
20 70 54 88
20 70 7 28
20 70 88 95
21 93 61 11
21 93 80 75
21 93 94 51
21 93 2 21
21 93 23 16
21 93 35 56
21 92 96 33
21 92 85 83
21 92 31 35
21 92 96 91
21 92 88 95
21 92 28 46
21 92 67 18
21 92 33 45
21 92 77 74
21 92 8 57
21 92 49 61
21 92 25 68
21 98 64 19
21 98 57 45
21 98 30 94
21 98 61 11
21 98 72 21
21 98 42 92
22 67 57 66
22 67 95 78
22 67 32 80
22 67 32 54
22 67 39 85
22 61 66 82
22 61 71 89
22 61 58 40
22 11 91 19
22 11 99 25
22 11 33 70
22 11 14 95
22 11 6 79
22 11 54 24
22 11 8 84
22 11 65 39
22 11 87 23
22 11 6 53
22 77 58 0
22 77 90 33
22 77 44 76
22 77 72 52
22 77 88 95
23 93 53 66
23 93 19 53
23 93 45 92
23 93 26 36
53 66 68 83
53 66 92 2
53 66 65 39
53 66 32 84
53 66 60 95
53 66 80 19
23 66 36 44
23 66 48 74
23 66 99 89
23 66 13 38
23 66 83 54
36 44 82 81
36 44 81 59
36 44 85 23
36 44 75 53
36 44 19 83
36 44 67 62
36 44 55 83
36 44 36 20
36 44 23 93
36 44 39 81
23 16 52 56
23 16 36 23
23 16 17 81
23 16 49 96
23 16 10 74
23 16 83 7
23 16 75 48
23 16 96 33
23 16 85 0
23 16 39 5
52 56 94 37
52 56 67 62
52 56 95 10
52 56 65 39
23 11 96 56
23 11 71 63
23 11 31 35
23 11 80 75
23 11 57 46
23 11 72 67
23 11 21 93
23 11 4 62
23 37 91 7
23 37 88 65
23 37 85 93
23 37 33 80
23 37 45 92
23 37 43 36
23 37 8 57
23 37 81 90
23 37 61 11
24 57 91 19
24 57 57 73
24 57 17 64
24 57 49 52
24 57 95 1
24 69 76 40
24 69 94 91
24 69 23 16
24 69 49 91
24 69 0 94
24 69 32 89
24 69 12 64
24 69 97 19
24 84 95 10
24 84 76 3
24 84 14 95
24 84 99 97
24 84 93 3
24 84 45 46
24 84 50 64
24 84 36 56
24 84 0 73
24 84 88 95
24 84 49 51
24 52 40 87
24 52 4 93
24 52 7 69
24 52 12 60
24 52 75 53
40 87 72 52
40 87 66 97
40 87 88 99
40 87 49 70
40 87 11 75
40 87 41 96
40 87 67 62
40 87 91 73
24 86 49 61
24 86 22 11
24 86 62 56
24 86 71 89
24 86 95 78
24 86 79 36
49 61 69 70
49 61 86 46
49 61 82 54
49 61 66 54
24 36 39 80
24 36 5 61
24 36 40 51
24 36 65 39
24 36 68 37
24 36 97 53
24 36 42 92
24 36 0 90
39 80 61 11
39 80 89 43
39 80 62 56
39 80 12 29
39 80 79 97
39 80 9 98
24 26 64 15
24 26 81 90
24 26 44 76
24 26 3 72
24 26 36 40
24 26 15 55
24 26 95 1
24 81 46 85
24 81 1 97
24 81 28 73
24 81 94 35
24 81 57 46
24 81 4 87
24 81 72 21
24 81 75 48
46 85 95 70
46 85 64 15
46 85 57 46
46 85 73 3
46 85 66 54
46 85 7 23
46 85 46 79
46 85 91 50
46 85 36 20
46 85 13 38
25 92 98 76
25 92 96 12
25 92 65 66
25 92 12 6
25 92 44 96
25 92 42 36
25 51 96 36
25 51 91 3
25 51 52 56
25 68 99 89
25 68 79 24
25 68 57 66
25 39 95 78
25 39 75 53
25 39 88 99
25 39 6 59
25 39 10 44
25 39 49 61
25 48 88 65
25 48 88 45
25 48 48 64
25 48 82 81
25 48 12 80
25 48 49 61
25 48 49 78
25 48 88 91
25 21 79 65
25 21 92 2
25 21 91 86
25 21 11 62
25 21 43 96
25 21 44 79
25 21 43 13
25 21 39 5
25 21 51 87
25 21 8 76
25 38 45 71
25 38 49 98
25 38 96 56
25 38 76 3
25 38 42 36
25 38 96 36
25 38 57 45
39 50 91 19
39 50 57 45
39 50 97 4
39 50 77 76
39 50 94 37
39 50 45 14
39 50 7 23
39 50 12 6
39 50 94 51
39 50 53 91
39 50 55 62
39 50 34 93
39 50 68 13
45 71 39 50
45 71 68 31
45 71 99 25
45 71 7 60
45 71 20 40
45 71 94 91
45 71 83 63
45 71 28 61
45 71 75 26
45 71 8 98
45 71 55 83
45 71 9 98
25 57 57 73
25 57 98 76
25 57 70 13
25 57 20 8
25 57 12 6
25 57 49 26
25 57 33 53
25 57 86 19
25 57 58 40
25 57 6 11
25 57 72 71
25 57 55 83
26 62 68 37
26 62 91 73
26 62 94 51
26 62 13 38
26 62 69 39
26 62 6 59
26 62 90 80
26 62 17 81
26 74 39 68
26 74 30 67
26 74 42 21
26 74 31 19
26 74 49 74
26 74 58 40
39 68 59 58
39 68 56 92
39 68 85 83
39 68 36 53
39 68 7 28
39 68 8 84
39 68 7 60
39 68 5 82
26 96 75 48
26 96 75 26
26 96 8 98
26 96 57 13
26 96 9 2
26 96 49 26
26 96 47 80
26 78 56 92
26 78 74 46
26 78 91 73
26 36 56 13
26 36 91 19
26 36 6 93
26 36 49 51
26 36 20 93
26 36 37 9
26 36 97 87
26 36 19 6
26 36 96 91
26 36 34 25
26 36 24 57
26 56 96 61
26 56 83 63
26 56 32 84
26 56 10 44
26 56 21 98
26 56 33 45
26 56 96 36
26 56 8 81
26 27 95 1
26 27 83 17
26 27 22 67
26 27 76 3
26 27 9 98
26 27 14 89
26 27 57 9
26 27 66 97
26 27 72 67
26 27 99 97
26 27 4 78
26 27 38 61
27 85 69 76
27 85 80 97
27 85 88 91
27 85 98 30
27 85 53 66
27 85 79 65
27 85 12 60
27 85 2 56
27 85 39 50
27 85 49 59
27 87 66 98
27 87 69 98
27 87 43 66
27 87 32 57
27 87 24 69
27 87 49 70
27 87 96 56
27 76 65 39
27 76 95 78
27 76 24 84
27 76 0 94
27 76 49 55
27 76 8 76
27 76 94 91
28 97 70 13
28 97 55 13
28 97 28 46
28 97 83 34
28 97 90 33
28 97 30 94
28 97 12 6
28 97 18 65
28 97 7 60
28 97 55 83
28 97 96 36
28 73 95 1
28 73 88 49
28 73 90 80
28 46 55 83
28 46 56 92
28 46 75 88
28 46 11 75
28 46 35 79
28 46 59 58
28 46 24 26
28 46 38 86
28 18 69 76
28 18 94 2
28 18 98 13
28 50 43 96
28 50 11 75
28 50 58 0
28 50 20 64
43 96 68 31
43 96 59 58
43 96 85 23
43 96 38 61
28 61 97 4
28 61 88 65
28 61 3 23
28 61 95 7
28 61 55 83
29 82 94 51
29 82 97 53
29 82 20 40
29 82 13 83
29 82 50 64
29 82 70 7
29 82 47 73
29 82 31 19
29 82 35 1
29 92 49 65
29 92 52 80
29 92 95 78
49 65 64 15
49 65 96 79
49 65 99 34
49 65 75 57
49 65 85 0
49 65 26 96
49 65 89 52
49 65 49 6
29 90 76 40
29 90 89 52
29 90 54 24
29 90 17 25
29 90 79 36
29 90 1 86
29 90 91 19
30 94 65 66
30 94 54 85
30 94 40 87
30 94 37 88
30 94 37 9
30 94 26 74
30 94 0 73
30 94 18 75
30 67 99 89
30 67 96 91
30 67 11 62
30 67 69 76
30 67 50 11
30 67 7 69
30 67 25 38
30 67 91 76
30 45 68 31
30 45 94 80
30 45 42 36
30 45 75 88
30 45 26 56
30 45 96 0
30 95 68 13
30 95 79 89
30 95 1 51
30 95 26 96
30 95 54 88
30 95 28 50
31 95 44 76
31 95 7 60
31 95 3 72
31 95 1 26
31 95 96 36
31 95 55 83
31 95 38 78
31 95 91 95
31 95 49 91
39 81 75 53
39 81 96 12
39 81 79 36
39 81 84 4
39 81 62 10
39 81 45 71
39 81 59 58
39 81 92 2
39 81 97 4
39 81 32 16
39 81 44 96
44 76 82 54
44 76 39 81
44 76 91 73
44 76 20 64
44 76 43 95
44 76 49 91
44 76 82 81
44 76 57 73
44 76 89 87
44 76 61 11
44 76 19 78
44 76 33 37
44 76 37 88
31 52 94 99
31 52 96 73
31 52 0 94
31 52 56 13
31 52 12 61
31 52 65 39
31 35 89 43
31 35 86 46
31 35 11 62
31 35 46 88
31 35 25 39
31 35 39 68
31 19 88 21
31 19 88 95
31 19 49 10
31 19 71 96
31 19 34 88
31 19 18 75
31 19 19 83
31 19 49 26
31 19 39 85
31 19 71 89
31 19 9 10
31 97 55 13
31 97 88 45
31 97 62 10
31 97 49 52
31 97 92 2
31 97 44 79
31 97 39 85
31 97 10 72
31 97 48 57
31 97 63 84
31 59 75 26
31 59 85 23
31 59 99 97
31 59 34 93
31 59 52 84
31 59 44 79
31 59 19 78
32 84 68 13
32 84 98 76
32 84 91 3
32 84 89 43
32 84 19 77
32 84 36 63
32 80 83 34
32 80 88 21
32 80 6 79
32 54 61 42
32 54 98 76
32 54 7 90
32 54 58 6
32 54 66 36
32 54 88 99
32 54 89 52
32 54 88 45
32 54 39 47
32 54 15 73
32 54 49 96
32 46 70 75
32 46 65 94
32 46 11 75
32 46 72 21
32 46 58 6
32 46 2 21
32 46 28 46
32 46 17 64
32 89 70 13
32 89 99 90
32 89 79 65
32 89 95 10
32 89 39 5
32 89 46 79
32 89 91 76
32 16 43 13
32 16 0 90
32 16 49 51
32 16 83 1
32 16 3 66
43 13 91 7
43 13 72 13
43 13 69 70
43 13 18 75
43 13 7 28
43 13 7 9
43 13 63 97
32 57 63 84
32 57 99 34
32 57 12 64
32 57 35 56
32 57 7 60
32 57 36 56
32 57 43 66
32 57 61 79
32 57 24 26
33 80 85 83
33 80 97 4
33 80 98 97
33 80 12 3
33 80 35 5
33 80 15 73
33 80 13 38
33 70 97 53
33 70 75 88
33 70 96 12
33 70 18 75
33 70 52 56
33 70 19 53
33 70 12 76
33 70 46 85
33 70 24 36
33 70 88 99
33 25 85 0
33 25 77 76
33 25 80 75
33 25 0 94
33 25 46 66
33 45 61 16
33 45 91 43
33 45 48 38
33 45 35 1
33 45 64 15
33 45 25 21
33 53 68 31
33 53 70 7
33 53 20 72
33 53 52 57
33 53 60 95
33 53 19 83
33 91 73 3
33 91 91 43
33 91 98 97
33 91 7 23
33 37 96 33
33 37 79 89
33 37 12 29
33 37 98 97
34 93 42 36
34 93 19 53
34 93 57 13
34 93 49 69
34 93 82 54
34 93 49 60
34 93 30 95
34 93 7 90
42 36 82 54
42 36 99 34
42 36 56 92
42 36 16 53
42 36 79 97
42 36 49 13
42 36 89 52
42 36 94 37
42 36 4 93
34 88 61 42
34 88 72 73
34 88 6 21
34 25 40 51
34 25 49 26
34 25 49 51
34 25 41 80
40 51 94 9
40 51 81 90
40 51 77 76
40 51 31 59
40 51 45 71
40 51 1 61
34 58 49 77
34 58 87 23
34 58 46 79
49 77 86 65
49 77 80 97
49 77 94 2
49 77 34 88
49 77 36 40
49 77 1 86
35 56 36 56
35 56 14 52
35 56 54 24
35 56 22 11
35 56 29 82
35 56 12 76
35 56 91 3
35 56 9 10
35 56 98 30
35 56 94 99
36 56 52 16
36 56 79 23
36 56 68 13
36 56 38 78
36 56 27 76
36 56 71 80
52 16 99 90
52 16 71 96
52 16 97 75
52 16 69 39
52 16 6 59
35 79 71 89
35 79 68 31
35 79 39 50
35 79 61 79
35 79 43 36
35 79 36 23
35 79 75 88
35 79 70 7
35 79 17 64
35 79 99 34
35 79 56 92
35 5 57 9
35 5 58 40
35 5 19 89
35 5 2 21
35 5 28 50
35 5 45 92
35 5 71 40
35 5 80 75
35 5 1 51
35 5 29 90
35 49 83 1
35 49 94 80
35 49 37 83
35 49 88 95
35 49 44 79
35 1 86 20
35 1 63 97
35 1 65 94
35 1 7 60
35 1 49 61
35 1 35 49
35 1 50 83
36 53 62 10
36 53 98 10
36 53 54 85
36 53 54 88
36 53 57 46
36 53 57 13
36 53 57 45
36 53 60 95
36 53 61 79
36 53 64 32
36 53 65 94
36 53 66 97
36 53 67 62
36 53 69 39
36 53 70 57
36 53 71 96
36 53 71 80
36 53 72 73
36 53 72 67
36 53 72 71
36 53 75 53
36 53 75 88
36 53 77 74
36 53 79 89
36 53 79 23
36 53 79 24
36 53 79 97
36 53 80 76
36 53 80 97
36 53 81 59
36 53 81 68
36 53 81 90
36 53 82 40
36 53 83 2
36 53 83 7
36 53 87 23
36 53 88 99
36 53 88 91
36 53 89 87
36 53 90 48
36 53 91 43
36 53 91 3
36 53 93 3
36 53 93 2
36 53 94 68
36 53 94 91
36 53 94 35
36 53 96 73
36 53 96 91
36 53 98 97
36 53 98 13
36 53 98 30
36 53 98 56
36 53 99 97
36 53 99 34
36 53 44 96
36 53 3 66
36 53 86 46
36 53 54 24
36 53 21 93
36 53 33 25
36 53 43 36
36 53 11 42
54 85 35 79
54 85 26 78
54 88 38 50
54 88 33 45
54 88 91 86
54 88 83 63
54 88 12 64
54 88 48 57
54 88 44 60
54 88 23 16
54 88 86 46
55 83 49 74
55 83 71 63
55 83 5 82
55 62 93 2
55 62 37 56
55 13 24 69
55 13 17 64
55 13 26 96
55 13 83 2
55 13 37 9
55 13 34 93
55 13 50 12
55 13 83 34
55 13 36 20
56 13 45 71
56 13 49 78
56 13 43 36
56 13 2 72
56 13 32 84
56 13 22 67
56 13 49 96
56 13 49 66
56 13 85 23
56 92 33 45
56 92 49 55
56 92 68 83
56 92 46 78
56 92 1 86
57 9 14 73
57 9 28 73
57 46 50 12
57 46 6 79
57 46 99 89
57 66 68 95
57 66 49 91
57 66 4 87
57 66 71 63
57 66 38 50
57 66 70 7
57 66 15 95
57 66 50 11
57 66 39 85
57 73 28 61
57 73 7 90
57 73 36 20
57 73 47 80
57 73 49 61
57 73 94 12
57 73 33 70
57 73 97 53
57 13 49 51
57 13 18 92
57 13 80 19
57 13 96 0
57 13 4 93
57 13 27 76
57 13 47 99
57 13 71 40
57 13 44 60
57 45 13 97
57 45 11 62
57 45 96 36
57 45 45 31
58 6 43 95
58 6 33 53
58 6 32 16
58 6 44 96
58 6 48 74
58 6 83 17
58 6 72 13
58 6 28 46
58 0 95 1
58 0 1 65
58 40 91 50
58 40 8 82
58 40 58 6
58 40 4 62
58 40 48 58
58 40 8 81
59 58 22 61
59 58 7 28
59 58 11 62
59 58 96 36
59 58 69 70
59 29 19 89
59 29 2 72
59 29 52 57
59 29 80 19
60 95 30 67
60 95 28 50
60 95 14 65
60 95 8 3
61 79 13 38
61 79 91 86
61 79 71 40
61 42 55 83
61 42 42 36
61 42 86 65
61 42 94 9
61 42 42 58
61 42 68 37
61 16 89 52
61 16 33 25
61 16 71 89
61 16 30 95
61 16 32 16
61 16 20 72
61 16 31 35
61 16 1 23
61 11 12 29
61 11 35 1
61 11 80 19
61 11 76 3
61 11 91 86
61 11 81 90
61 11 36 53
61 11 23 93
61 11 96 91
62 56 36 44
62 56 95 10
62 56 35 1
62 56 50 83
62 56 6 79
62 56 19 77
62 10 49 52
62 10 45 58
62 10 12 49
62 10 25 92
62 10 36 20
63 97 75 26
63 97 11 75
63 97 96 91
63 97 99 26
63 84 1 23
63 84 49 54
63 84 48 41
63 84 19 78
63 84 48 68
63 84 9 92
64 32 82 81
64 32 15 95
64 32 72 52
64 15 26 56
64 15 11 75
64 15 34 58
64 15 79 24
64 15 88 89
64 15 53 72
64 19 43 96
65 66 3 23
65 66 19 78
65 66 45 76
65 66 47 50
65 66 9 98
65 66 1 97
65 39 83 34
65 39 8 57
65 39 32 80
65 39 32 89
65 94 14 84
66 36 69 59
66 36 45 14
66 36 7 69
66 36 42 32
66 36 48 64
66 82 49 55
66 82 82 54
66 82 87 23
66 98 21 93
66 98 42 21
66 98 91 3
66 98 81 59
66 97 38 86
66 97 54 88
66 54 17 67
66 54 6 11
66 54 83 63
66 54 8 3
66 54 69 70
66 54 86 20
66 54 12 76
66 54 31 52
67 62 73 3
67 18 69 39
67 18 38 61
67 18 85 0
67 18 86 19
67 18 45 31
67 18 43 66
67 18 49 65
67 18 20 64
67 18 54 85
67 18 45 71
68 13 49 50
68 13 47 99
68 13 66 98
68 13 93 3
68 13 45 46
68 13 88 65
68 13 49 63
68 13 22 77
68 13 87 23
68 13 33 91
68 95 79 36
68 37 44 60
68 31 47 3
68 31 3 66
68 31 72 52
68 31 14 52
68 31 95 5
68 31 33 91
68 31 83 1
68 31 51 87
68 83 66 82
68 83 46 66
68 83 13 97
69 76 59 58
69 76 95 5
69 76 33 91
69 76 52 16
69 76 72 52
69 76 48 57
69 76 68 83
69 76 37 88
69 76 24 52
69 76 22 67
69 98 27 76
69 39 8 81
69 39 81 59
69 39 38 86
69 39 9 98
69 39 96 91
69 39 24 84
69 59 57 73
69 70 83 34
69 70 6 79
69 70 11 56
69 70 4 88
69 70 31 19
69 70 7 12
69 70 44 60
69 70 25 92
69 70 90 33
70 13 20 64
70 13 50 12
70 13 49 52
70 13 32 16
70 75 12 64
70 75 0 73
70 75 9 92
70 75 14 65
70 75 2 56
70 75 71 89
70 75 6 79
70 75 46 84
70 75 24 57
70 57 53 91
70 57 84 4
70 57 12 29
70 57 17 33
70 57 99 89
70 7 96 56
70 7 98 97
70 7 4 88
70 7 24 69
70 7 35 56
70 7 45 92
71 40 83 17
71 40 69 59
71 40 97 75
71 40 43 65
71 40 91 19
71 96 42 36
71 80 94 51
71 80 14 89
71 80 49 78
71 80 49 65
71 80 69 70
71 80 13 97
71 63 2 32
71 63 52 57
71 63 39 50
71 63 88 95
71 63 34 93
71 63 18 75
71 63 42 74
71 63 49 76
71 63 2 72
71 63 35 1
71 89 93 2
71 89 84 4
72 73 49 69
72 73 48 64
72 73 4 88
72 73 34 25
72 73 34 93
72 73 49 51
72 73 9 92
72 73 90 80
72 67 49 50
72 67 30 95
72 13 24 36
72 13 89 43
72 13 7 23
72 13 30 45
72 13 12 29
72 13 17 81
72 71 2 56
72 71 49 59
72 71 8 57
72 71 46 78
72 71 22 77
72 71 29 90
72 71 20 64
72 21 91 50
72 52 55 62
72 52 94 91
73 3 94 12
74 46 28 18
74 46 75 48
75 57 33 70
75 57 36 53
75 57 49 51
75 57 72 13
75 57 64 15
75 57 14 65
75 57 26 27
75 57 16 78
75 57 88 65
75 53 23 16
75 53 4 87
75 53 49 78
75 53 52 80
75 26 12 6
75 26 50 64
75 26 49 58
75 26 94 9
75 26 20 15
75 26 86 19
75 26 24 36
75 26 30 67
75 48 16 53
75 48 7 60
75 48 80 76
75 48 14 95
75 48 50 64
75 48 62 10
75 48 2 21
75 88 10 74
75 88 21 92
75 88 59 58
76 40 86 65
76 40 91 19
76 40 43 95
76 3 70 57
76 3 86 19
76 3 92 2
76 3 45 92
76 3 10 74
76 3 27 87
76 3 32 89
77 74 55 62
77 74 9 98
77 74 49 36
77 74 98 76
77 74 8 57
77 74 13 83
77 74 15 95
77 74 4 78
77 74 7 90
77 74 8 67
77 74 83 7
77 76 2 32
77 76 99 89
77 76 85 83
79 89 31 35
79 23 24 86
79 23 39 85
79 23 36 20
79 23 25 48
79 23 45 92
79 23 64 32
79 23 28 73
79 23 24 26
79 23 86 65
79 23 26 27
79 23 33 80
79 36 58 40
79 36 40 51
79 36 38 78
79 36 47 99
79 36 31 52
79 36 31 19
79 36 30 45
79 36 86 19
79 36 26 96
79 36 82 40
79 24 98 30
79 24 0 94
79 24 21 98
79 24 26 27
79 24 18 92
79 24 88 91
79 24 14 83
79 24 94 2
79 97 91 3
79 97 36 56
79 97 2 57
79 97 26 96
79 97 18 75
79 97 49 52
79 97 13 83
79 97 95 1
79 97 12 3
79 97 99 25
79 97 49 59
79 97 83 7
79 65 98 76
79 65 12 64
79 65 48 57
79 65 2 32
79 65 20 64
79 65 65 94
79 65 61 16
79 65 17 33
79 65 26 27
80 86 33 91
80 86 25 38
80 86 70 75
80 86 4 91
80 86 44 60
80 86 21 93
80 86 59 29
80 86 24 84
80 86 53 10
80 86 10 44
80 86 48 74
80 20 49 51
80 20 81 90
80 20 23 93
80 20 34 93
80 76 69 59
80 76 70 13
80 76 68 31
80 76 43 95
80 19 9 2
80 19 95 78
80 19 66 97
80 19 33 25
80 19 14 89
80 19 54 88
80 19 31 97
80 19 46 88
80 19 50 11
80 19 97 53
80 19 31 35
80 19 79 36
80 75 42 32
80 75 67 62
80 75 20 72
80 75 48 41
80 75 43 66
80 97 7 28
80 97 75 88
80 97 69 98
80 97 46 66
80 97 10 74
80 97 63 84
80 97 88 21
81 59 97 75
81 59 45 76
81 59 13 97
81 68 48 41
81 68 48 74
81 68 1 51
81 68 14 52
81 68 98 97
81 68 7 9
81 68 12 61
81 68 17 25
81 68 7 12
81 68 7 69
81 68 49 11
81 68 49 61
81 90 24 52
81 90 38 86
81 90 83 7
81 90 82 40
81 90 5 72
81 90 43 65
82 54 8 81
82 54 30 95
82 54 33 91
82 54 33 45
82 54 25 39
82 40 82 81
82 40 89 52
82 40 49 6
82 40 26 36
82 40 34 88
82 40 32 54
82 40 6 79
82 81 49 60
82 81 30 67
82 81 44 5
82 81 6 59
82 81 30 94
82 81 40 87
82 81 7 86
82 81 25 38
82 81 12 64
83 54 42 74
83 54 7 69
83 54 72 21
83 54 72 71
83 54 33 53
83 54 49 65
83 54 1 48
83 54 12 29
83 1 68 13
83 1 1 51
83 1 54 88
83 63 96 33
83 63 85 0
83 34 69 39
83 34 8 3
83 34 92 2
83 34 85 0
83 34 33 53
83 34 88 91
83 34 25 57
83 34 68 31
83 34 59 29
83 2 98 10
83 2 2 53
83 2 12 8
83 17 55 62
83 17 75 88
83 17 6 53
83 7 64 19
83 7 49 60
83 7 94 12
83 7 26 36
83 7 8 67
83 7 13 63
83 7 94 35
83 7 49 26
83 7 91 7
83 7 20 93
83 7 12 49
84 4 39 50
84 4 71 63
84 4 19 53
84 4 44 5
84 4 4 88
84 4 28 46
84 4 8 82
84 4 83 7
84 4 47 73
84 4 43 47
84 4 8 67
85 0 45 76
85 0 92 2
85 0 94 68
85 0 60 95
85 0 19 77
85 0 49 6
85 0 55 62
85 0 46 78
85 23 83 34
85 83 22 61
85 93 1 97
85 93 91 76
85 93 64 32
85 93 58 0
86 20 19 6
86 20 39 81
86 20 20 70
86 20 36 56
86 20 66 82
86 20 69 59
86 20 52 56
86 20 6 93
86 65 20 72
86 65 37 10
86 65 48 57
86 65 45 76
86 65 79 24
86 65 12 6
86 65 9 92
86 65 22 11
86 65 12 76
86 65 45 71
86 19 6 53
86 19 57 66
86 19 38 86
86 19 33 53
86 19 24 84
86 19 7 69
86 19 36 23
86 19 41 96
86 19 12 80
86 19 36 63
86 19 91 50
86 19 12 8
86 46 24 81
86 46 46 84
86 46 45 83
86 46 9 10
86 46 70 75
86 46 9 2
86 46 38 50
86 46 29 92
87 23 49 55
87 23 80 19
87 23 91 7
87 23 42 58
87 23 91 95
87 23 25 57
87 23 72 21
87 23 12 3
88 45 45 76
88 45 20 70
88 45 19 77
88 45 49 50
88 45 8 84
88 45 35 79
88 45 45 83
88 45 90 48
88 45 44 41
88 45 26 56
88 45 49 6
88 45 50 12
88 89 28 50
88 89 54 24
88 89 45 83
88 89 41 79
88 89 81 59
88 65 71 80
88 65 39 81
88 65 89 43
88 65 69 70
88 65 86 46
88 65 95 70
88 65 31 52
88 65 45 46
88 99 92 2
88 99 40 90
88 99 2 53
88 99 99 89
88 49 46 66
88 49 0 73
88 49 41 88
88 95 97 75
88 95 13 97
88 95 44 5
88 95 54 24
88 95 25 39
88 95 47 99
88 95 88 99
88 95 33 37
88 95 14 95
88 95 70 13
88 95 79 89
88 95 57 66
88 21 68 31
88 21 27 76
88 91 91 73
88 91 94 80
88 91 20 70
88 91 19 53
89 87 82 40
89 87 75 57
89 87 16 58
89 87 34 93
89 87 62 56
89 87 88 45
89 87 20 72
89 87 43 95
89 43 22 61
89 43 2 32
89 43 20 93
89 43 34 58
89 43 85 93
89 43 42 74
89 43 94 35
89 43 28 61
89 43 2 57
89 43 24 69
89 52 44 76
89 52 34 58
89 52 67 18
89 52 50 83
89 52 28 50
89 52 49 50
89 52 91 43
89 52 13 62
90 48 94 51
90 48 70 57
90 48 43 66
90 48 20 93
90 48 49 55
90 48 32 46
90 48 12 8
90 48 67 18
90 48 8 84
90 48 87 23
90 48 88 21
90 48 33 25
90 80 69 70
90 80 95 1
90 80 96 61
90 80 35 56
90 80 88 89
90 33 55 83
90 33 80 76
90 33 54 24
90 33 44 5
90 33 0 73
90 33 99 97
90 33 12 29
91 73 42 36
91 73 30 95
91 73 62 10
91 73 49 91
91 73 14 83
91 73 42 92
91 19 17 67
91 19 80 76
91 19 8 67
91 19 1 65
91 19 1 61
91 19 31 19
91 50 9 86
91 50 12 60
91 50 91 95
91 50 25 51
91 50 93 3
91 50 49 65
91 50 27 76
91 50 22 77
91 50 99 25
91 76 28 73
91 76 1 25
91 76 49 90
91 86 31 52
91 86 64 32
91 86 79 65
91 86 97 19
91 86 30 45
91 86 56 13
91 86 87 23
91 86 97 53
91 86 49 55
91 86 9 86
91 7 63 97
91 7 40 51
91 7 54 24
91 7 49 54
91 7 20 72
91 7 21 92
91 7 64 19
91 7 89 87
91 7 97 4
91 7 79 89
91 7 44 60
91 43 79 36
91 43 46 96
91 43 47 80
91 43 21 93
91 43 37 10
91 43 7 23
91 43 96 33
91 43 80 19
91 95 89 52
91 95 42 74
91 95 88 21
91 95 94 51
91 95 72 21
91 95 46 66
91 95 41 80
91 3 2 72
91 3 81 59
91 3 4 88
91 3 39 85
91 3 49 13
91 3 13 62
91 3 8 60
91 3 26 74
92 2 54 85
92 2 32 80
92 2 43 65
92 2 11 75
93 3 47 99
93 3 64 32
93 3 24 26
93 3 89 43
93 3 41 80
93 3 20 64
93 3 43 36
93 2 88 91
93 2 96 36
93 2 62 56
93 2 2 32
93 2 20 40
93 2 1 23
93 2 96 33
93 2 8 98
93 2 86 65
93 2 89 87
94 37 75 88
94 37 12 80
94 37 68 83
94 37 23 66
94 37 80 19
94 37 66 36
94 68 42 36
94 68 18 65
94 91 21 98
94 91 97 75
94 91 13 38
94 91 95 10
94 91 49 10
94 91 13 83
94 91 63 84
94 91 32 57
94 91 15 73
94 91 4 93
94 12 96 79
94 12 49 60
94 12 31 59
94 12 66 97
94 12 45 83
94 12 98 76
94 35 10 72
94 35 68 95
94 35 0 73
94 35 24 36
94 9 36 23
94 99 33 53
94 99 48 58
94 99 88 49
94 99 24 57
94 2 39 80
94 2 12 80
94 2 21 93
94 95 75 26
94 80 15 95
94 80 12 6
94 80 3 23
94 80 12 60
94 80 48 68
94 80 94 68
94 80 69 70
94 80 24 86
94 80 1 97
94 80 49 98
94 51 57 45
94 51 13 63
94 51 54 85
94 51 69 39
94 51 38 78
94 51 37 83
94 51 31 97
94 51 34 58
94 51 24 84
94 51 70 13
95 7 86 20
95 7 94 95
95 7 44 76
95 7 4 78
95 7 97 53
95 7 48 74
95 7 11 42
95 7 7 9
95 7 5 21
95 7 51 87
95 7 96 79
95 78 1 61
95 78 8 84
95 78 12 6
95 78 20 8
95 78 23 16
95 78 71 96
95 78 9 92
95 78 36 44
95 5 88 49
95 5 14 83
95 5 20 72
95 5 29 82
95 5 75 48
95 5 97 53
95 10 49 11
95 10 26 96
95 10 99 90
95 10 49 96
95 10 96 12
95 10 45 76
95 10 98 30
95 10 59 29
95 10 19 78
95 10 99 34
95 10 79 65
95 1 28 46
95 1 7 69
95 70 45 14
95 70 63 84
95 70 36 44
95 70 24 81
95 70 81 90
95 70 34 93
95 70 86 20
96 73 97 19
96 73 94 95
96 73 71 89
96 73 15 73
96 73 11 42
96 73 12 3
96 73 51 87
96 61 49 96
96 61 77 76
96 61 96 12
96 61 32 80
96 61 98 30
96 61 70 13
96 33 94 12
96 33 44 96
96 33 85 83
96 33 34 58
96 33 36 40
96 33 19 78
96 33 32 16
96 33 49 61
96 33 57 66
96 33 99 34
96 33 52 56
96 33 48 68
96 56 96 73
96 56 63 84
96 56 77 76
96 56 85 0
96 56 57 45
96 56 1 25
96 56 61 11
96 12 14 84
96 12 61 79
96 12 5 21
96 12 46 79
96 12 30 67
96 12 94 9
96 12 18 92
96 12 49 74
96 0 65 66
96 0 17 67
96 0 70 7
96 0 88 65
96 0 5 61
96 0 6 11
96 0 12 49
96 0 53 91
96 91 39 68
96 91 94 2
96 91 64 15
96 91 16 53
96 91 42 36
96 91 89 43
96 91 76 40
96 91 49 54
96 91 36 63
96 91 12 6
96 91 18 6
96 91 96 33
96 91 97 19
96 91 75 48
96 79 83 34
96 79 17 25
96 79 7 90
96 79 96 61
96 79 22 11
96 79 71 80
96 79 58 40
96 36 8 67
96 36 9 92
96 36 30 94
96 36 80 20
96 36 45 71
96 36 36 44
96 36 39 47
96 36 27 85
96 36 79 23
96 36 28 18
96 36 61 16
97 75 12 60
97 75 34 93
97 75 86 46
97 75 1 48
97 75 5 72
97 75 36 44
97 75 91 73
97 75 31 59
97 75 80 75
97 75 94 95
97 19 61 11
97 19 2 53
97 19 2 21
97 4 52 57
97 4 49 36
97 4 57 66
97 4 97 19
97 4 60 95
97 87 46 85
97 87 49 52
97 87 82 40
97 87 5 21
97 87 17 81
97 53 94 80
97 53 6 53
97 53 89 52
97 53 99 90
97 53 72 67
97 53 79 24
98 97 99 97
98 97 71 40
98 97 8 98
98 97 57 46
98 13 19 53
98 13 71 80
98 13 20 8
98 13 89 43
98 13 21 92
98 13 68 95
98 13 26 96
98 76 69 70
98 76 52 57
98 76 72 52
98 76 4 78
98 76 49 63
98 76 45 14
98 76 0 90
98 76 99 89
98 76 26 96
98 76 10 72
98 10 49 58
98 30 91 7
98 30 39 47
98 30 84 4
98 30 48 57
98 30 36 56
98 30 75 48
98 30 49 61
98 30 4 88
98 30 1 65
98 30 8 60
98 30 24 86
98 30 91 95
98 30 7 90
98 30 20 93
98 30 97 4
98 30 94 99
98 56 96 0
98 56 40 87
98 56 75 57
98 56 88 95
98 56 64 15
98 56 36 40
98 56 44 5
99 90 49 78
99 90 18 92
99 90 3 66
99 90 49 66
99 90 75 57
99 90 16 78
99 26 21 98
99 26 39 80
99 26 69 76
99 26 45 46
99 26 32 16
99 26 45 92
99 26 82 40
99 26 8 67
99 26 86 46
99 26 49 13
99 26 71 63
99 26 94 91
99 26 72 52
99 26 67 18
37 56 0 94
24 36 0 94
6 93 0 94
24 81 0 94
79 65 37 56
69 59 37 56
81 90 37 56
5 61 37 56
33 45 37 56
39 85 37 56
46 96 0 90
0 73 0 90
40 87 0 90
35 49 0 90
66 97 0 90
77 76 0 90
39 68 0 90
35 79 0 90
52 56 0 90
88 49 0 90
56 13 0 90
49 69 0 90
99 25 46 96
99 34 46 96
75 26 46 96
80 19 46 96
52 84 46 96
33 53 46 96
22 67 46 96
32 57 46 96
48 41 46 96
85 93 46 96
94 68 46 96
60 95 46 96
20 8 46 96
66 97 46 96
49 55 0 73
93 3 0 73
41 96 0 73
24 57 0 73
86 20 0 73
16 53 0 73
18 6 0 73
12 6 0 73
82 81 0 73
95 10 0 73
6 53 0 73
45 31 0 73
45 83 0 73
95 5 49 55
96 12 49 55
57 66 49 55
39 68 49 55
94 35 49 55
33 25 49 55
55 13 49 55
94 80 49 55
46 66 1 86
62 10 1 86
91 95 1 86
45 46 1 86
94 91 1 86
86 65 1 86
40 87 1 86
93 3 1 86
6 59 1 86
14 84 1 86
66 97 1 86
14 83 1 86
95 70 46 66
88 21 46 66
69 39 46 66
26 96 46 66
20 70 46 66
25 48 46 66
39 5 46 66
50 64 1 61
83 7 1 61
43 47 1 61
99 90 1 61
67 18 50 64
79 65 50 64
88 49 50 64
88 99 50 64
94 80 50 64
81 90 50 64
24 36 50 64
95 5 50 64
18 6 50 64
54 88 50 64
49 90 1 23
8 98 1 23
51 87 1 23
65 39 1 23
75 26 49 90
83 34 49 90
82 40 49 90
33 45 49 90
27 85 49 90
98 97 49 90
13 63 49 90
60 95 49 90
49 96 1 26
13 62 1 26
25 92 1 26
25 68 1 26
85 23 1 26
82 81 49 96
79 89 49 96
68 37 49 96
49 60 49 96
49 78 49 96
25 38 49 96
99 90 49 96
36 20 1 51
20 15 1 51
6 93 1 51
45 83 1 51
7 23 1 51
68 37 1 51
63 97 36 20
69 59 36 20
77 74 36 20
31 52 36 20
39 5 36 20
35 49 36 20
83 1 36 20
49 36 36 20
37 10 36 20
24 81 36 20
52 80 1 97
52 56 1 97
94 35 1 97
69 59 1 97
50 11 1 97
94 95 1 97
53 10 1 97
70 75 52 80
72 73 52 80
82 81 52 80
29 90 52 80
49 61 52 80
68 83 52 80
12 29 52 80
17 81 52 80
23 16 52 80
26 27 52 80
49 6 1 48
43 13 1 48
11 75 1 48
7 12 1 48
80 20 49 6
91 86 49 6
54 85 49 6
50 12 49 6
54 88 49 6
46 88 1 25
13 83 1 25
62 56 46 88
82 40 46 88
72 21 46 88
12 76 46 88
7 28 46 88
39 85 1 65
25 21 1 65
23 37 1 65
4 87 1 65
68 95 39 85
75 48 39 85
59 29 39 85
8 76 39 85
62 10 39 85
49 52 2 72
6 79 2 72
13 62 2 72
88 99 2 72
13 63 2 72
34 58 2 72
80 76 2 72
23 11 2 72
4 91 2 72
6 93 2 72
31 95 2 72
46 66 2 72
52 57 2 72
79 65 49 52
56 13 49 52
94 80 49 52
43 13 49 52
28 46 49 52
8 82 49 52
39 80 49 52
33 53 49 52
28 61 49 52
35 56 49 52
46 79 49 52
12 3 49 52
43 96 49 52
37 10 2 53
80 76 2 53
26 56 2 53
49 13 2 53
32 46 2 53
91 95 2 53
31 35 2 53
36 63 2 53
66 54 37 10
80 86 37 10
57 9 37 10
32 54 37 10
43 36 2 32
49 77 2 32
17 67 2 32
96 0 2 32
94 9 43 36
69 70 43 36
65 66 43 36
52 56 43 36
97 75 43 36
22 77 43 36
36 44 43 36
70 57 43 36
28 97 43 36
36 63 2 57
50 11 2 57
69 70 2 57
68 37 2 57
47 99 2 57
26 62 2 57
41 96 2 57
0 73 2 57
68 95 2 57
15 73 2 57
66 54 2 57
94 12 36 63
99 26 36 63
88 99 36 63
26 62 36 63
49 60 2 21
21 98 2 21
12 8 2 21
94 37 2 21
2 56 2 21
42 36 2 21
36 23 2 21
94 9 2 21
86 20 49 60
71 96 49 60
86 46 49 60
8 60 49 60
12 64 49 60
20 8 49 60
49 91 49 60
7 60 49 60
15 73 49 60
71 63 49 60
60 95 49 60
4 87 49 60
49 69 2 56
74 46 2 56
86 19 2 56
65 39 2 56
84 4 41 88
70 57 41 88
98 56 41 88
79 65 41 88
94 95 41 88
38 86 41 88
41 88 47 3
66 54 47 3
69 98 47 3
68 83 47 3
69 76 47 3
43 36 47 3
19 78 47 3
54 88 47 3
88 99 47 3
9 86 47 3
25 68 47 3
12 3 47 3
7 60 47 3
47 3 49 69
83 1 49 69
8 57 49 69
12 80 49 69
49 74 49 69
37 9 49 69
48 74 3 72
14 89 3 72
94 9 3 72
5 82 3 72
37 10 3 72
49 65 3 72
95 78 3 72
12 76 3 72
31 35 3 72
65 66 3 72
99 90 3 72
29 90 3 72
25 57 3 72
95 5 48 74
83 7 48 74
82 40 48 74
40 90 48 74
20 15 48 74
75 48 48 74
28 73 48 74
22 67 48 74
86 65 48 74
48 38 48 74
36 23 48 74
68 13 48 74
66 36 48 74
69 70 48 74
45 92 3 66
45 76 3 66
61 42 3 66
96 56 3 66
80 75 45 92
75 26 45 92
62 10 45 92
32 16 45 92
1 26 45 92
16 53 45 92
58 0 45 92
71 89 45 92
17 81 45 92
19 89 45 92
23 11 45 92
50 11 45 92
48 58 3 23
54 24 3 23
88 45 3 23
7 86 3 23
42 36 3 23
8 57 3 23
49 54 3 23
95 5 48 58
66 36 48 58
79 65 48 58
82 81 48 58
88 65 48 58
28 73 48 58
17 64 48 58
96 0 48 58
73 3 48 58
28 18 48 58
49 51 48 58
49 63 4 88
39 47 4 88
1 97 4 88
74 46 49 63
79 65 49 63
68 31 49 63
98 13 49 63
16 78 49 63
69 70 49 63
50 83 49 63
42 36 49 63
31 35 49 63
1 97 49 63
96 0 49 63
14 65 49 63
28 50 49 63
31 52 49 63
51 87 4 87
32 57 4 87
88 49 4 87
85 93 51 87
80 76 51 87
71 63 51 87
2 57 51 87
8 84 51 87
53 10 4 93
41 88 4 93
72 52 4 93
80 76 4 93
43 13 4 93
92 2 4 93
8 81 4 93
71 89 53 10
86 46 53 10
94 2 53 10
1 23 53 10
96 61 53 10
7 86 53 10
68 37 53 10
42 32 53 10
28 50 53 10
93 3 53 10
42 92 4 62
39 68 4 62
19 77 4 62
68 83 4 62
17 64 4 62
20 15 4 62
33 70 4 62
69 70 4 62
77 74 4 62
12 76 4 62
68 95 4 62
97 4 4 62
61 16 4 62
45 46 42 92
69 59 42 92
69 70 42 92
46 66 42 92
95 5 42 92
8 60 42 92
49 60 42 92
79 97 42 92
50 64 42 92
17 81 42 92
95 10 42 92
53 91 42 92
36 63 42 92
69 98 42 92
80 20 45 46
88 99 45 46
96 56 45 46
71 40 45 46
26 78 45 46
4 91 45 46
47 50 4 23
10 74 4 23
85 0 43 65
91 95 43 65
95 78 43 65
79 23 43 65
99 90 43 65
72 13 43 65
91 7 43 65
77 76 43 65
46 66 43 65
39 50 43 65
4 87 43 65
49 69 43 65
22 77 43 65
83 34 43 65
43 65 47 50
22 11 47 50
34 25 47 50
5 61 47 50
24 86 47 50
46 79 4 78
57 73 4 78
2 32 4 78
43 95 4 78
24 26 4 78
86 20 4 78
68 95 4 78
86 46 42 58
48 64 42 58
18 92 42 58
35 56 42 58
49 96 42 58
38 86 42 58
80 75 42 58
62 56 42 58
7 60 42 58
9 98 42 58
94 37 42 58
81 90 42 58
7 28 42 58
42 58 46 79
97 4 46 79
68 83 46 79
95 1 46 79
81 68 46 79
88 91 46 79
89 43 46 79
14 73 46 79
22 67 46 79
98 30 46 79
40 51 46 79
44 79 4 91
65 94 4 91
38 78 4 91
79 97 4 91
28 73 4 91
43 36 4 91
85 0 4 91
88 45 44 79
72 52 44 79
83 1 44 79
98 56 44 79
47 80 5 72
17 67 5 72
98 56 5 72
75 48 5 72
73 3 5 72
43 36 5 72
3 72 5 72
49 77 5 72
41 79 5 72
71 63 5 72
80 75 47 80
93 3 47 80
96 56 47 80
72 21 47 80
50 64 47 80
55 83 47 80
79 36 47 80
71 80 47 80
49 77 47 80
24 84 47 80
90 80 47 80
45 71 47 80
53 66 47 80
49 70 47 80
47 99 5 82
42 21 5 82
48 38 5 82
57 9 5 82
20 70 5 82
34 58 5 82
48 74 5 82
6 79 5 82
19 78 5 82
83 17 5 82
91 19 47 99
94 35 47 99
54 88 47 99
4 87 47 99
39 80 47 99
49 98 5 21
89 52 5 21
32 57 5 21
94 91 5 21
11 75 5 21
48 38 5 21
41 79 5 21
20 64 5 21
18 92 5 21
50 11 49 98
99 90 49 98
49 76 49 98
84 4 49 98
23 11 49 98
38 50 49 98
63 97 50 11
94 99 50 11
99 97 50 11
97 87 50 11
79 65 50 11
32 16 50 11
9 2 50 11
80 75 50 11
43 65 50 11
25 38 50 11
94 9 50 11
11 56 50 11
47 99 50 11
3 72 50 11
97 53 50 11
37 56 50 11
49 54 5 61
57 45 5 61
22 11 5 61
25 38 5 61
99 26 49 54
97 19 49 54
82 40 49 54
0 73 49 54
26 74 49 54
37 83 49 54
91 3 49 54
83 17 49 54
49 78 6 53
6 11 6 53
61 79 6 53
89 52 6 53
97 75 6 53
67 62 6 53
18 6 6 53
50 12 6 53
61 11 6 53
89 87 6 53
31 35 6 53
91 73 6 53
35 1 6 53
69 98 49 78
61 16 49 78
83 7 49 78
12 76 49 78
49 36 49 78
22 77 49 78
11 75 49 78
2 57 49 78
12 8 49 78
50 11 49 78
19 53 49 78
11 42 49 78
32 54 49 78
20 15 49 78
44 96 6 79
8 84 6 79
76 3 44 96
98 97 44 96
55 62 44 96
95 10 44 96
24 84 44 96
7 12 44 96
49 58 44 96
94 51 44 96
28 46 44 96
23 16 44 96
45 31 44 96
49 61 44 96
43 84 6 11
53 72 43 84
91 43 43 84
93 3 43 84
1 61 43 84
19 83 43 84
8 76 43 84
96 61 43 84
91 95 53 72
99 34 53 72
68 13 53 72
70 75 53 72
94 99 53 72
12 8 53 72
31 97 53 72
19 78 53 72
2 57 53 72
52 84 53 72
1 25 53 72
88 21 53 72
94 51 53 72
99 97 53 72
21 93 53 72
44 5 6 93
1 61 6 93
70 13 6 93
33 37 6 93
40 51 6 93
4 87 6 93
32 89 6 93
35 1 6 93
49 66 6 93
49 76 6 93
49 78 6 93
89 87 6 93
42 74 6 93
88 89 44 5
90 80 44 5
72 21 44 5
18 92 44 5
45 83 44 5
49 52 44 5
23 16 44 5
43 66 44 5
89 87 44 5
50 64 44 5
9 10 44 5
4 91 44 5
96 73 44 5
49 66 6 59
31 19 6 59
49 90 6 59
86 65 6 59
95 1 6 59
14 89 6 59
69 76 6 59
32 89 6 59
99 26 6 59
35 1 6 59
43 66 6 59
92 2 49 66
88 21 49 66
99 26 49 66
33 70 49 66
26 36 49 66
45 76 49 66
20 40 49 66
40 90 6 21
18 65 6 21
32 16 6 21
99 97 6 21
89 52 40 90
62 56 40 90
69 76 40 90
17 67 40 90
94 37 40 90
53 66 40 90
96 56 40 90
69 70 40 90
55 83 40 90
90 33 40 90
44 79 40 90
49 74 40 90
91 76 40 90
40 51 40 90
57 73 40 90
42 32 7 86
98 56 7 86
49 26 7 86
7 60 7 86
49 6 7 86
45 58 42 32
90 48 42 32
68 95 42 32
94 68 42 32
2 57 42 32
45 14 42 32
1 23 42 32
42 74 42 32
66 54 42 32
94 80 45 58
57 46 45 58
95 10 45 58
94 95 45 58
35 79 45 58
48 68 7 90
66 82 7 90
7 86 7 90
35 79 7 90
43 66 7 90
13 63 7 90
7 23 7 90
90 33 7 90
94 51 7 90
19 83 7 90
24 36 7 90
84 4 48 68
61 16 48 68
95 10 48 68
49 60 48 68
33 53 48 68
96 73 48 68
90 48 48 68
49 59 48 68
46 96 48 68
37 9 7 23
2 21 7 23
62 10 7 23
38 50 37 9
83 63 37 9
92 2 37 9
39 4 37 9
95 5 37 9
88 45 37 9
72 52 37 9
42 74 37 9
97 19 37 9
63 97 37 9
62 56 38 50
66 54 38 50
94 9 38 50
65 94 38 50
71 40 38 50
29 82 38 50
45 58 38 50
27 85 38 50
20 64 38 50
23 37 38 50
56 92 38 50
52 84 7 60
24 36 7 60
4 87 7 60
43 13 7 60
89 87 7 60
20 72 7 60
83 1 7 60
8 84 7 60
95 7 52 84
96 56 52 84
98 76 52 84
83 17 52 84
43 47 7 12
7 86 7 12
12 80 7 12
88 95 7 12
94 91 7 12
17 81 7 12
5 82 7 12
51 87 7 12
17 67 7 12
86 46 7 12
90 80 43 47
57 73 43 47
97 75 43 47
16 58 43 47
8 60 43 47
66 36 43 47
38 78 7 69
14 83 7 69
91 95 7 69
66 97 7 69
56 92 7 69
11 62 7 69
1 97 7 69
65 39 38 78
63 97 38 78
82 40 38 78
77 76 38 78
7 12 38 78
2 32 38 78
21 98 38 78
52 56 38 78
61 11 38 78
49 98 38 78
94 37 38 78
91 43 38 78
83 17 38 78
2 53 38 78
43 95 7 28
8 76 7 28
44 79 7 28
94 2 7 28
5 82 7 28
83 1 36 23
96 79 36 23
71 96 36 23
49 98 36 23
24 52 36 23
20 70 36 23
49 65 36 23
63 84 36 23
15 55 36 23
48 41 36 23
2 57 36 23
36 23 43 95
85 23 43 95
83 34 43 95
64 32 43 95
46 66 43 95
91 73 43 95
77 76 43 95
45 14 7 9
49 13 7 9
37 9 7 9
97 53 45 14
95 1 45 14
96 12 45 14
26 56 45 14
68 37 45 14
65 66 45 14
83 1 45 14
43 95 45 14
34 93 45 14
37 88 8 84
88 49 8 84
65 39 8 84
47 73 8 84
48 58 8 84
48 41 37 88
80 76 37 88
98 97 37 88
96 73 37 88
81 59 37 88
6 79 37 88
40 90 37 88
30 95 37 88
36 53 37 88
84 4 37 88
7 9 37 88
11 42 37 88
14 84 37 88
6 53 37 88
27 87 37 88
4 88 37 88
96 0 48 41
81 90 48 41
91 95 48 41
49 77 48 41
13 3 48 41
59 58 48 41
66 82 48 41
85 23 48 41
50 64 48 41
49 51 8 67
36 20 8 67
99 89 8 67
91 7 8 67
28 61 8 67
24 81 8 67
79 65 8 67
92 2 8 67
85 0 8 67
94 95 49 51
56 13 49 51
96 56 49 51
16 78 49 51
94 51 49 51
96 61 49 51
95 5 49 51
48 38 8 76
88 65 8 76
27 87 8 76
44 79 8 76
87 23 8 76
61 11 8 76
95 1 8 76
32 80 8 76
49 36 48 38
88 89 48 38
62 56 48 38
69 98 48 38
17 46 48 38
68 83 48 38
37 83 48 38
46 96 48 38
18 65 48 38
11 62 48 38
72 13 48 38
49 98 48 38
88 91 49 36
82 54 49 36
89 43 49 36
33 25 49 36
45 71 49 36
2 21 49 36
89 52 49 36
72 67 49 36
36 53 49 36
38 50 49 36
94 37 49 36
37 83 8 57
7 23 8 57
70 13 8 57
61 79 8 57
94 99 8 57
94 51 8 57
13 62 8 57
25 57 8 57
71 40 37 83
83 7 37 83
94 95 37 83
91 43 37 83
82 40 37 83
5 82 37 83
94 35 37 83
4 23 37 83
75 57 37 83
48 57 8 98
7 23 8 98
95 1 8 98
83 63 8 98
36 44 8 98
46 79 8 98
25 92 8 98
42 74 8 98
15 73 8 98
68 31 8 98
94 99 48 57
98 13 48 57
76 40 48 57
87 23 48 57
49 58 48 57
49 61 48 57
49 26 48 57
49 50 48 57
36 23 48 57
44 5 48 57
25 38 48 57
31 52 48 57
46 66 48 57
45 83 48 57
45 71 48 57
53 91 8 82
47 73 8 82
68 83 8 82
3 66 8 82
95 7 8 82
30 45 8 82
80 19 8 82
32 16 8 82
99 90 8 82
43 84 8 82
96 73 8 82
49 59 8 82
70 75 53 91
68 83 53 91
75 26 53 91
7 28 53 91
50 11 53 91
95 1 53 91
31 19 53 91
38 86 53 91
50 12 53 91
13 3 53 91
49 10 53 91
49 91 53 91
25 48 53 91
46 84 8 60
14 65 8 60
71 89 8 60
95 78 8 60
64 15 39 47
94 68 39 47
96 0 39 47
26 78 39 47
23 11 39 47
96 61 39 47
94 37 39 47
49 76 39 47
10 72 39 47
64 32 39 47
1 51 39 47
6 53 39 47
24 26 39 47
39 47 46 84
94 9 46 84
89 87 46 84
96 91 46 84
99 89 46 84
16 53 46 84
2 53 46 84
28 18 46 84
30 45 46 84
8 82 46 84
14 84 46 84
85 23 46 84
43 47 46 84
38 61 8 3
58 40 8 3
48 58 8 3
27 87 8 3
32 54 8 3
19 6 8 3
45 76 8 3
90 48 8 3
41 80 8 3
71 63 38 61
83 17 38 61
90 33 38 61
80 20 38 61
73 3 38 61
8 76 38 61
72 52 38 61
7 23 38 61
57 66 38 61
25 57 38 61
35 5 38 61
33 70 38 61
39 5 8 81
44 79 8 81
30 94 8 81
61 11 8 81
55 13 8 81
83 1 8 81
93 3 8 81
53 91 8 81
79 24 8 81
61 11 39 5
76 3 39 5
71 96 39 5
80 75 39 5
79 36 39 5
57 73 39 5
8 57 39 5
91 50 39 5
35 79 39 5
45 46 39 5
5 72 39 5
43 65 39 5
52 56 39 5
50 83 9 92
49 54 9 92
16 78 9 92
76 40 9 92
85 23 9 92
36 44 9 92
41 80 9 92
9 98 9 92
69 59 50 83
72 13 50 83
63 84 50 83
53 91 50 83
30 45 50 83
70 75 50 83
98 13 50 83
20 40 50 83
66 98 50 83
69 98 50 83
9 86 50 83
49 58 9 86
99 25 9 86
72 21 9 86
19 6 9 86
65 39 9 86
66 36 49 58
77 74 49 58
75 57 49 58
49 10 49 58
11 75 49 58
77 76 49 58
39 47 49 58
43 96 49 58
3 23 49 58
58 0 49 58
47 99 49 58
46 85 49 58
45 76 9 98
94 95 9 98
32 84 9 98
22 67 9 98
55 13 9 98
11 56 9 98
31 97 9 98
45 58 9 98
29 82 9 98
55 62 45 76
75 53 45 76
68 95 45 76
66 36 45 76
46 84 45 76
35 79 45 76
17 25 45 76
4 87 45 76
49 10 9 10
52 80 9 10
10 44 9 10
49 50 9 10
41 80 9 10
48 74 9 10
11 42 9 10
90 48 9 10
31 97 9 10
71 80 9 10
11 56 9 10
70 13 49 10
56 13 49 10
71 63 49 10
95 5 49 10
94 35 49 10
96 91 49 10
23 93 49 10
96 56 49 10
40 51 49 10
97 4 49 10
58 6 49 10
45 83 9 2
30 45 9 2
96 73 41 80
91 73 41 80
6 59 41 80
4 87 41 80
20 93 41 80
60 95 41 80
0 73 41 80
82 54 45 83
41 80 45 83
88 95 45 83
72 13 45 83
57 66 45 83
49 58 45 83
42 36 45 83
33 91 45 83
4 93 45 83
0 94 45 83
11 62 45 83
75 48 45 83
45 31 45 83
35 5 45 83
27 76 45 83
88 99 45 83
49 76 10 74
98 13 10 74
57 9 10 74
99 26 49 76
98 10 49 76
61 79 49 76
7 60 49 76
49 11 49 76
4 62 49 76
49 26 10 72
34 58 10 72
31 52 10 72
22 67 10 72
66 36 49 26
97 75 49 26
99 90 49 26
46 85 49 26
56 13 49 26
32 54 49 26
36 23 49 26
43 96 49 26
12 80 49 26
13 97 49 26
41 79 10 44
58 6 10 44
64 19 10 44
8 57 10 44
49 11 10 44
48 58 10 44
86 19 10 44
54 24 41 79
95 7 41 79
91 50 41 79
49 65 41 79
9 10 41 79
14 52 41 79
96 61 41 79
49 70 41 79
1 48 41 79
98 13 41 79
96 73 41 79
72 71 41 79
36 63 41 79
39 5 41 79
88 91 41 79
97 53 54 24
95 78 54 24
85 23 54 24
88 45 54 24
97 4 54 24
95 1 54 24
36 40 54 24
2 32 54 24
24 81 54 24
99 90 54 24
69 70 54 24
36 20 54 24
44 41 11 62
57 66 11 62
53 10 11 62
33 91 11 62
35 56 11 62
47 73 11 62
24 84 11 62
86 20 44 41
80 20 44 41
82 54 44 41
88 95 44 41
21 93 44 41
48 38 44 41
4 23 44 41
70 57 44 41
38 86 11 75
0 90 11 75
96 79 11 75
42 36 11 75
85 23 11 75
49 76 11 75
36 44 11 75
91 76 11 75
65 94 11 75
12 49 11 75
88 95 11 75
7 69 11 75
82 81 11 75
68 95 38 86
63 97 38 86
70 13 38 86
52 80 38 86
98 97 38 86
91 76 38 86
44 76 38 86
52 57 11 42
49 91 11 42
5 72 11 42
0 73 11 42
8 57 11 42
34 58 11 42
61 42 11 42
72 21 52 57
85 0 52 57
85 93 52 57
46 78 52 57
1 86 52 57
90 80 52 57
50 12 11 56
43 47 11 56
96 61 11 56
0 90 11 56
28 50 11 56
26 56 11 56
68 95 11 56
88 99 11 56
25 51 11 56
26 78 11 56
68 31 50 12
71 40 50 12
82 81 50 12
91 86 50 12
12 8 50 12
33 45 50 12
17 81 50 12
97 19 50 12
44 96 50 12
49 91 12 60
45 46 12 60
77 74 12 60
25 38 12 60
79 89 12 60
94 9 12 60
26 62 12 60
63 84 12 60
88 95 49 91
69 70 49 91
94 99 49 91
26 27 49 91
66 36 49 91
45 71 49 91
30 94 49 91
28 46 49 91
79 24 49 91
25 39 49 91
48 64 49 91
32 57 49 91
49 13 12 61
53 91 12 61
12 6 12 61
23 66 12 61
20 64 12 61
9 92 12 61
34 93 12 61
26 96 12 61
94 91 12 61
82 54 12 61
18 65 12 61
90 80 49 13
83 17 49 13
66 36 49 13
43 36 49 13
47 73 12 76
49 59 12 76
83 1 12 76
76 3 12 76
75 53 12 76
15 73 12 76
57 46 12 76
28 97 12 76
95 1 12 76
18 75 12 76
23 93 12 76
58 6 47 73
83 63 47 73
95 78 47 73
91 50 47 73
7 90 47 73
49 65 47 73
7 12 47 73
45 31 12 3
49 61 12 3
72 73 12 3
13 83 12 3
69 70 12 3
88 49 12 3
12 29 12 3
94 51 12 3
71 89 12 3
21 92 12 3
28 46 12 3
99 26 39 4
70 75 39 4
72 73 39 4
99 90 39 4
39 4 45 31
89 43 45 31
94 12 45 31
79 89 45 31
25 38 45 31
70 13 45 31
75 88 45 31
49 50 12 49
32 80 12 49
86 20 12 49
43 66 12 49
93 2 12 49
91 76 49 50
88 49 49 50
96 61 49 50
10 44 49 50
94 9 49 50
88 65 49 50
23 37 49 50
49 61 49 50
91 95 12 8
99 89 12 8
37 83 12 8
88 99 12 8
23 37 12 8
69 98 12 8
45 76 12 8
21 98 12 8
66 97 12 8
47 50 12 8
42 21 12 29
6 21 12 29
12 64 12 29
20 8 12 29
64 19 12 29
91 95 12 29
49 13 12 29
81 59 12 29
58 40 12 29
57 66 12 29
20 64 12 29
83 63 42 21
55 13 42 21
83 34 42 21
77 74 42 21
97 19 42 21
98 76 42 21
4 62 42 21
70 13 42 21
93 2 42 21
49 59 12 80
64 32 12 80
52 56 12 80
80 19 12 80
84 4 49 59
98 76 49 59
72 73 49 59
72 21 49 59
19 78 49 59
37 83 49 59
49 70 49 59
96 73 49 59
24 52 49 59
98 10 49 59
88 49 49 59
58 0 49 59
94 91 49 59
97 19 12 6
91 3 12 6
49 65 12 6
12 3 12 6
1 61 12 6
77 76 12 6
32 57 12 6
45 76 12 6
94 12 12 6
68 95 12 6
12 64 12 6
6 93 12 6
49 76 12 6
71 89 12 64
89 43 12 64
14 73 12 64
25 92 12 64
49 54 12 64
15 95 12 64
64 19 12 64
86 65 12 64
72 67 12 64
92 2 13 83
79 23 13 83
24 57 13 83
45 83 13 83
24 52 13 83
83 63 13 83
37 10 13 83
88 65 13 83
91 86 13 63
59 29 13 63
25 38 13 63
46 79 13 63
44 76 13 63
79 24 13 63
43 66 13 63
69 70 13 63
91 19 13 62
57 13 13 62
6 53 13 62
48 64 13 62
99 26 13 62
49 50 13 62
7 23 13 62
17 46 13 62
66 97 13 62
91 50 13 62
30 67 13 62
49 58 13 62
48 64 13 3
53 72 13 3
68 31 13 3
5 72 13 3
66 97 13 3
47 73 13 3
4 88 13 3
19 77 13 3
14 65 13 3
28 18 13 3
52 16 13 3
32 46 13 3
83 54 48 64
72 13 48 64
57 73 48 64
80 86 48 64
29 92 48 64
20 8 48 64
49 70 48 64
11 42 48 64
12 3 48 64
16 78 48 64
77 76 13 38
77 74 13 38
83 34 13 38
96 36 13 38
2 56 13 38
4 88 13 38
7 12 13 38
96 79 13 38
50 64 13 38
43 95 13 38
33 37 13 38
35 1 13 38
88 49 13 97
91 73 13 97
44 96 13 97
49 91 13 97
80 97 13 97
79 36 14 89
97 75 14 89
26 78 14 89
80 20 14 84
96 36 14 84
94 51 14 84
49 69 14 84
63 84 14 84
24 57 14 84
42 32 14 84
44 60 14 65
83 63 14 65
90 33 14 65
36 44 14 65
94 68 14 65
71 80 14 65
28 61 14 65
20 72 14 65
58 40 44 60
69 76 44 60
67 18 44 60
29 90 44 60
36 20 44 60
85 83 44 60
52 56 44 60
72 52 44 60
94 37 44 60
44 79 44 60
80 76 44 60
91 86 14 83
94 80 14 83
50 11 14 83
96 0 14 83
72 21 14 83
65 66 14 52
83 1 14 52
44 76 14 52
83 34 14 95
73 3 14 95
83 2 14 95
12 80 14 95
38 86 14 95
46 78 14 73
67 62 14 73
96 61 46 78
88 45 46 78
55 83 46 78
31 19 46 78
67 18 46 78
80 86 15 73
72 21 15 73
23 11 15 73
99 90 15 55
80 19 15 55
32 57 15 55
2 57 15 55
86 20 15 55
47 80 15 55
28 50 15 55
94 91 15 55
13 62 15 55
58 6 15 55
13 83 15 55
17 64 15 55
1 48 15 55
27 76 15 55
80 19 15 95
64 19 15 95
46 88 15 95
91 95 16 53
88 65 16 53
72 71 16 53
44 79 16 53
80 75 16 53
32 46 16 53
43 13 16 53
64 19 16 53
8 57 16 53
69 98 16 53
96 56 16 53
86 19 16 78
61 79 16 78
33 53 16 78
44 41 16 78
48 57 16 78
37 9 16 78
94 51 16 78
36 20 16 78
42 74 16 58
19 77 16 58
48 58 16 58
98 13 16 58
28 50 16 58
49 13 16 58
12 6 16 58
5 72 16 58
34 88 16 58
15 95 16 58
19 89 16 58
81 68 16 58
72 52 42 74
79 36 42 74
91 7 42 74
4 78 42 74
13 97 42 74
13 83 42 74
42 92 42 74
6 11 42 74
98 10 42 74
29 92 42 74
12 60 42 74
49 90 42 74
8 57 42 74
79 65 17 81
66 82 17 81
1 23 17 81
13 97 17 81
85 23 17 81
33 37 17 81
88 49 17 81
98 76 17 81
52 16 17 81
49 55 17 81
34 25 17 81
22 67 17 81
21 92 17 81
19 78 17 81
94 2 17 64
77 76 17 64
69 39 17 64
61 79 17 64
72 67 17 64
97 4 17 64
52 80 17 64
22 67 17 64
24 36 17 64
49 54 17 64
91 76 17 64
54 24 17 64
83 63 17 46
90 48 17 46
79 97 17 46
46 96 17 46
34 25 17 46
93 2 17 46
95 78 17 25
54 88 17 25
20 64 17 25
83 63 17 25
39 5 17 25
1 51 17 25
61 11 17 25
29 92 17 25
49 26 17 25
49 55 17 25
94 35 17 25
75 57 17 67
99 34 17 67
50 12 17 67
84 4 17 67
88 65 17 67
31 52 17 67
45 46 17 67
7 9 17 67
36 63 17 67
68 83 17 67
49 11 17 33
94 51 17 33
20 64 17 33
44 60 17 33
97 19 17 33
35 1 17 33
66 98 17 33
46 88 17 33
49 91 17 33
98 56 17 33
55 83 49 11
79 24 49 11
72 13 49 11
44 79 49 11
48 74 49 11
40 51 49 11
9 92 49 11
49 78 49 11
36 40 18 75
62 10 18 75
34 25 18 75
11 75 18 75
91 95 18 75
18 92 18 75
13 3 18 75
49 52 18 75
31 35 18 75
46 84 18 75
1 23 18 75
95 1 36 40
97 19 36 40
83 7 36 40
31 59 36 40
89 43 36 40
46 96 36 40
13 38 36 40
6 93 36 40
39 80 36 40
49 63 36 40
54 88 36 40
31 35 36 40
49 70 18 92
72 21 18 92
94 95 18 92
83 63 18 92
94 2 18 92
99 26 18 92
12 76 18 92
7 90 18 92
76 40 49 70
72 52 49 70
71 63 49 70
72 67 49 70
33 37 49 70
85 93 49 70
72 13 18 6
91 7 18 6
83 2 18 6
7 9 18 6
22 77 18 6
42 36 18 6
12 6 18 6
43 36 18 6
44 60 18 6
77 76 18 65
68 83 18 65
97 53 18 65
4 91 18 65
64 32 18 65
33 70 18 65
6 53 18 65
27 87 18 65
3 72 18 65
32 16 18 65
49 50 18 65
43 66 19 83
48 38 19 83
46 96 19 83
48 41 19 83
4 88 19 83
18 6 19 83
95 5 43 66
68 31 43 66
72 73 43 66
18 75 43 66
91 86 43 66
39 4 43 66
91 3 43 66
12 3 43 66
99 89 43 66
44 96 43 66
52 57 43 66
43 65 43 66
83 17 19 78
61 16 19 78
94 35 19 78
12 64 19 78
6 11 19 78
83 34 19 78
19 89 19 78
10 74 19 78
52 57 19 78
12 49 19 78
19 83 19 78
49 58 19 78
41 96 19 53
4 78 19 53
98 10 19 53
89 87 19 53
52 16 19 53
32 16 19 53
28 50 19 53
52 57 19 53
72 52 41 96
85 93 41 96
61 16 41 96
31 59 41 96
18 75 41 96
46 85 41 96
92 2 41 96
61 11 19 89
68 95 19 89
66 98 19 89
1 51 19 89
52 57 19 89
64 15 19 89
24 36 19 89
2 21 19 89
6 53 19 89
91 50 19 6
94 12 19 6
96 12 19 6
87 23 19 6
80 97 19 6
94 35 19 6
52 80 19 6
12 64 19 6
79 97 19 6
94 95 19 77
56 92 19 77
71 89 19 77
48 74 19 77
88 21 19 77
36 44 19 77
70 7 20 64
95 10 20 64
12 6 20 64
66 54 20 64
70 13 20 93
97 75 20 93
72 21 20 93
46 88 20 93
13 62 20 93
42 32 20 93
98 56 20 93
94 80 20 93
48 64 20 93
7 60 20 93
29 82 20 93
31 35 20 93
57 66 20 40
83 2 20 40
44 41 20 40
18 75 20 40
30 45 20 40
31 59 20 40
15 73 20 40
81 59 20 40
4 91 20 40
19 89 20 40
49 74 20 15
36 56 20 15
49 54 20 15
8 60 20 15
10 44 20 15
59 29 49 74
94 35 49 74
71 89 49 74
8 98 49 74
66 98 49 74
99 25 49 74
66 98 20 8
91 76 20 8
81 90 20 8
91 73 20 8
66 98 20 72
94 51 20 72
81 90 20 72
20 40 20 72
33 25 20 72
44 76 20 72
90 33 20 70
54 88 20 70
7 28 20 70
88 95 20 70
61 11 21 93
80 75 21 93
94 51 21 93
2 21 21 93
23 16 21 93
35 56 21 93
96 33 21 92
85 83 21 92
31 35 21 92
96 91 21 92
88 95 21 92
28 46 21 92
67 18 21 92
33 45 21 92
77 74 21 92
8 57 21 92
49 61 21 92
25 68 21 92
64 19 21 98
57 45 21 98
30 94 21 98
61 11 21 98
72 21 21 98
42 92 21 98
57 66 22 67
95 78 22 67
32 80 22 67
32 54 22 67
39 85 22 67
66 82 22 61
71 89 22 61
58 40 22 61
91 19 22 11
99 25 22 11
33 70 22 11
14 95 22 11
6 79 22 11
54 24 22 11
8 84 22 11
65 39 22 11
87 23 22 11
6 53 22 11
58 0 22 77
90 33 22 77
44 76 22 77
72 52 22 77
88 95 22 77
53 66 23 93
19 53 23 93
45 92 23 93
26 36 23 93
68 83 53 66
92 2 53 66
65 39 53 66
32 84 53 66
60 95 53 66
80 19 53 66
36 44 23 66
48 74 23 66
99 89 23 66
13 38 23 66
83 54 23 66
82 81 36 44
81 59 36 44
85 23 36 44
75 53 36 44
19 83 36 44
67 62 36 44
55 83 36 44
36 20 36 44
23 93 36 44
39 81 36 44
52 56 23 16
36 23 23 16
17 81 23 16
49 96 23 16
10 74 23 16
83 7 23 16
75 48 23 16
96 33 23 16
85 0 23 16
39 5 23 16
94 37 52 56
67 62 52 56
95 10 52 56
65 39 52 56
96 56 23 11
71 63 23 11
31 35 23 11
80 75 23 11
57 46 23 11
72 67 23 11
21 93 23 11
4 62 23 11
91 7 23 37
88 65 23 37
85 93 23 37
33 80 23 37
45 92 23 37
43 36 23 37
8 57 23 37
81 90 23 37
61 11 23 37
91 19 24 57
57 73 24 57
17 64 24 57
49 52 24 57
95 1 24 57
76 40 24 69
94 91 24 69
23 16 24 69
49 91 24 69
0 94 24 69
32 89 24 69
12 64 24 69
97 19 24 69
95 10 24 84
76 3 24 84
14 95 24 84
99 97 24 84
93 3 24 84
45 46 24 84
50 64 24 84
36 56 24 84
0 73 24 84
88 95 24 84
49 51 24 84
40 87 24 52
4 93 24 52
7 69 24 52
12 60 24 52
75 53 24 52
72 52 40 87
66 97 40 87
88 99 40 87
49 70 40 87
11 75 40 87
41 96 40 87
67 62 40 87
91 73 40 87
49 61 24 86
22 11 24 86
62 56 24 86
71 89 24 86
95 78 24 86
79 36 24 86
69 70 49 61
86 46 49 61
82 54 49 61
66 54 49 61
39 80 24 36
5 61 24 36
40 51 24 36
65 39 24 36
68 37 24 36
97 53 24 36
42 92 24 36
0 90 24 36
61 11 39 80
89 43 39 80
62 56 39 80
12 29 39 80
79 97 39 80
9 98 39 80
64 15 24 26
81 90 24 26
44 76 24 26
3 72 24 26
36 40 24 26
15 55 24 26
95 1 24 26
46 85 24 81
1 97 24 81
28 73 24 81
94 35 24 81
57 46 24 81
4 87 24 81
72 21 24 81
75 48 24 81
95 70 46 85
64 15 46 85
57 46 46 85
73 3 46 85
66 54 46 85
7 23 46 85
46 79 46 85
91 50 46 85
36 20 46 85
13 38 46 85
98 76 25 92
96 12 25 92
65 66 25 92
12 6 25 92
44 96 25 92
42 36 25 92
96 36 25 51
91 3 25 51
52 56 25 51
99 89 25 68
79 24 25 68
57 66 25 68
95 78 25 39
75 53 25 39
88 99 25 39
6 59 25 39
10 44 25 39
49 61 25 39
88 65 25 48
88 45 25 48
48 64 25 48
82 81 25 48
12 80 25 48
49 61 25 48
49 78 25 48
88 91 25 48
79 65 25 21
92 2 25 21
91 86 25 21
11 62 25 21
43 96 25 21
44 79 25 21
43 13 25 21
39 5 25 21
51 87 25 21
8 76 25 21
45 71 25 38
49 98 25 38
96 56 25 38
76 3 25 38
42 36 25 38
96 36 25 38
57 45 25 38
91 19 39 50
57 45 39 50
97 4 39 50
77 76 39 50
94 37 39 50
45 14 39 50
7 23 39 50
12 6 39 50
94 51 39 50
53 91 39 50
55 62 39 50
34 93 39 50
68 13 39 50
39 50 45 71
68 31 45 71
99 25 45 71
7 60 45 71
20 40 45 71
94 91 45 71
83 63 45 71
28 61 45 71
75 26 45 71
8 98 45 71
55 83 45 71
9 98 45 71
57 73 25 57
98 76 25 57
70 13 25 57
20 8 25 57
12 6 25 57
49 26 25 57
33 53 25 57
86 19 25 57
58 40 25 57
6 11 25 57
72 71 25 57
55 83 25 57
68 37 26 62
91 73 26 62
94 51 26 62
13 38 26 62
69 39 26 62
6 59 26 62
90 80 26 62
17 81 26 62
39 68 26 74
30 67 26 74
42 21 26 74
31 19 26 74
49 74 26 74
58 40 26 74
59 58 39 68
56 92 39 68
85 83 39 68
36 53 39 68
7 28 39 68
8 84 39 68
7 60 39 68
5 82 39 68
75 48 26 96
75 26 26 96
8 98 26 96
57 13 26 96
9 2 26 96
49 26 26 96
47 80 26 96
56 92 26 78
74 46 26 78
91 73 26 78
56 13 26 36
91 19 26 36
6 93 26 36
49 51 26 36
20 93 26 36
37 9 26 36
97 87 26 36
19 6 26 36
96 91 26 36
34 25 26 36
24 57 26 36
96 61 26 56
83 63 26 56
32 84 26 56
10 44 26 56
21 98 26 56
33 45 26 56
96 36 26 56
8 81 26 56
95 1 26 27
83 17 26 27
22 67 26 27
76 3 26 27
9 98 26 27
14 89 26 27
57 9 26 27
66 97 26 27
72 67 26 27
99 97 26 27
4 78 26 27
38 61 26 27
69 76 27 85
80 97 27 85
88 91 27 85
98 30 27 85
53 66 27 85
79 65 27 85
12 60 27 85
2 56 27 85
39 50 27 85
49 59 27 85
66 98 27 87
69 98 27 87
43 66 27 87
32 57 27 87
24 69 27 87
49 70 27 87
96 56 27 87
65 39 27 76
95 78 27 76
24 84 27 76
0 94 27 76
49 55 27 76
8 76 27 76
94 91 27 76
70 13 28 97
55 13 28 97
28 46 28 97
83 34 28 97
90 33 28 97
30 94 28 97
12 6 28 97
18 65 28 97
7 60 28 97
55 83 28 97
96 36 28 97
95 1 28 73
88 49 28 73
90 80 28 73
55 83 28 46
56 92 28 46
75 88 28 46
11 75 28 46
35 79 28 46
59 58 28 46
24 26 28 46
38 86 28 46
69 76 28 18
94 2 28 18
98 13 28 18
43 96 28 50
11 75 28 50
58 0 28 50
20 64 28 50
68 31 43 96
59 58 43 96
85 23 43 96
38 61 43 96
97 4 28 61
88 65 28 61
3 23 28 61
95 7 28 61
55 83 28 61
94 51 29 82
97 53 29 82
20 40 29 82
13 83 29 82
50 64 29 82
70 7 29 82
47 73 29 82
31 19 29 82
35 1 29 82
49 65 29 92
52 80 29 92
95 78 29 92
64 15 49 65
96 79 49 65
99 34 49 65
75 57 49 65
85 0 49 65
26 96 49 65
89 52 49 65
49 6 49 65
76 40 29 90
89 52 29 90
54 24 29 90
17 25 29 90
79 36 29 90
1 86 29 90
91 19 29 90
65 66 30 94
54 85 30 94
40 87 30 94
37 88 30 94
37 9 30 94
26 74 30 94
0 73 30 94
18 75 30 94
99 89 30 67
96 91 30 67
11 62 30 67
69 76 30 67
50 11 30 67
7 69 30 67
25 38 30 67
91 76 30 67
68 31 30 45
94 80 30 45
42 36 30 45
75 88 30 45
26 56 30 45
96 0 30 45
68 13 30 95
79 89 30 95
1 51 30 95
26 96 30 95
54 88 30 95
28 50 30 95
44 76 31 95
7 60 31 95
3 72 31 95
1 26 31 95
96 36 31 95
55 83 31 95
38 78 31 95
91 95 31 95
49 91 31 95
75 53 39 81
96 12 39 81
79 36 39 81
84 4 39 81
62 10 39 81
45 71 39 81
59 58 39 81
92 2 39 81
97 4 39 81
32 16 39 81
44 96 39 81
82 54 44 76
39 81 44 76
91 73 44 76
20 64 44 76
43 95 44 76
49 91 44 76
82 81 44 76
57 73 44 76
89 87 44 76
61 11 44 76
19 78 44 76
33 37 44 76
37 88 44 76
94 99 31 52
96 73 31 52
0 94 31 52
56 13 31 52
12 61 31 52
65 39 31 52
89 43 31 35
86 46 31 35
11 62 31 35
46 88 31 35
25 39 31 35
39 68 31 35
88 21 31 19
88 95 31 19
49 10 31 19
71 96 31 19
34 88 31 19
18 75 31 19
19 83 31 19
49 26 31 19
39 85 31 19
71 89 31 19
9 10 31 19
55 13 31 97
88 45 31 97
62 10 31 97
49 52 31 97
92 2 31 97
44 79 31 97
39 85 31 97
10 72 31 97
48 57 31 97
63 84 31 97
75 26 31 59
85 23 31 59
99 97 31 59
34 93 31 59
52 84 31 59
44 79 31 59
19 78 31 59
68 13 32 84
98 76 32 84
91 3 32 84
89 43 32 84
19 77 32 84
36 63 32 84
83 34 32 80
88 21 32 80
6 79 32 80
61 42 32 54
98 76 32 54
7 90 32 54
58 6 32 54
66 36 32 54
88 99 32 54
89 52 32 54
88 45 32 54
39 47 32 54
15 73 32 54
49 96 32 54
70 75 32 46
65 94 32 46
11 75 32 46
72 21 32 46
58 6 32 46
2 21 32 46
28 46 32 46
17 64 32 46
70 13 32 89
99 90 32 89
79 65 32 89
95 10 32 89
39 5 32 89
46 79 32 89
91 76 32 89
43 13 32 16
0 90 32 16
49 51 32 16
83 1 32 16
3 66 32 16
91 7 43 13
72 13 43 13
69 70 43 13
18 75 43 13
7 28 43 13
7 9 43 13
63 97 43 13
63 84 32 57
99 34 32 57
12 64 32 57
35 56 32 57
7 60 32 57
36 56 32 57
43 66 32 57
61 79 32 57
24 26 32 57
85 83 33 80
97 4 33 80
98 97 33 80
12 3 33 80
35 5 33 80
15 73 33 80
13 38 33 80
97 53 33 70
75 88 33 70
96 12 33 70
18 75 33 70
52 56 33 70
19 53 33 70
12 76 33 70
46 85 33 70
24 36 33 70
88 99 33 70
85 0 33 25
77 76 33 25
80 75 33 25
0 94 33 25
46 66 33 25
61 16 33 45
91 43 33 45
48 38 33 45
35 1 33 45
64 15 33 45
25 21 33 45
68 31 33 53
70 7 33 53
20 72 33 53
52 57 33 53
60 95 33 53
19 83 33 53
73 3 33 91
91 43 33 91
98 97 33 91
7 23 33 91
96 33 33 37
79 89 33 37
12 29 33 37
98 97 33 37
42 36 34 93
19 53 34 93
57 13 34 93
49 69 34 93
82 54 34 93
49 60 34 93
30 95 34 93
7 90 34 93
82 54 42 36
99 34 42 36
56 92 42 36
16 53 42 36
79 97 42 36
49 13 42 36
89 52 42 36
94 37 42 36
4 93 42 36
61 42 34 88
72 73 34 88
6 21 34 88
40 51 34 25
49 26 34 25
49 51 34 25
41 80 34 25
94 9 40 51
81 90 40 51
77 76 40 51
31 59 40 51
45 71 40 51
1 61 40 51
49 77 34 58
87 23 34 58
46 79 34 58
86 65 49 77
80 97 49 77
94 2 49 77
34 88 49 77
36 40 49 77
1 86 49 77
36 56 35 56
14 52 35 56
54 24 35 56
22 11 35 56
29 82 35 56
12 76 35 56
91 3 35 56
9 10 35 56
98 30 35 56
94 99 35 56
52 16 36 56
79 23 36 56
68 13 36 56
38 78 36 56
27 76 36 56
71 80 36 56
99 90 52 16
71 96 52 16
97 75 52 16
69 39 52 16
6 59 52 16
71 89 35 79
68 31 35 79
39 50 35 79
61 79 35 79
43 36 35 79
36 23 35 79
75 88 35 79
70 7 35 79
17 64 35 79
99 34 35 79
56 92 35 79
57 9 35 5
58 40 35 5
19 89 35 5
2 21 35 5
28 50 35 5
45 92 35 5
71 40 35 5
80 75 35 5
1 51 35 5
29 90 35 5
83 1 35 49
94 80 35 49
37 83 35 49
88 95 35 49
44 79 35 49
86 20 35 1
63 97 35 1
65 94 35 1
7 60 35 1
49 61 35 1
35 49 35 1
50 83 35 1
62 10 36 53
98 10 36 53
54 85 36 53
54 88 36 53
57 46 36 53
57 13 36 53
57 45 36 53
60 95 36 53
61 79 36 53
64 32 36 53
65 94 36 53
66 97 36 53
67 62 36 53
69 39 36 53
70 57 36 53
71 96 36 53
71 80 36 53
72 73 36 53
72 67 36 53
72 71 36 53
75 53 36 53
75 88 36 53
77 74 36 53
79 89 36 53
79 23 36 53
79 24 36 53
79 97 36 53
80 76 36 53
80 97 36 53
81 59 36 53
81 68 36 53
81 90 36 53
82 40 36 53
83 2 36 53
83 7 36 53
87 23 36 53
88 99 36 53
88 91 36 53
89 87 36 53
90 48 36 53
91 43 36 53
91 3 36 53
93 3 36 53
93 2 36 53
94 68 36 53
94 91 36 53
94 35 36 53
96 73 36 53
96 91 36 53
98 97 36 53
98 13 36 53
98 30 36 53
98 56 36 53
99 97 36 53
99 34 36 53
44 96 36 53
3 66 36 53
86 46 36 53
54 24 36 53
21 93 36 53
33 25 36 53
43 36 36 53
11 42 36 53
35 79 54 85
26 78 54 85
38 50 54 88
33 45 54 88
91 86 54 88
83 63 54 88
12 64 54 88
48 57 54 88
44 60 54 88
23 16 54 88
86 46 54 88
49 74 55 83
71 63 55 83
5 82 55 83
93 2 55 62
37 56 55 62
24 69 55 13
17 64 55 13
26 96 55 13
83 2 55 13
37 9 55 13
34 93 55 13
50 12 55 13
83 34 55 13
36 20 55 13
45 71 56 13
49 78 56 13
43 36 56 13
2 72 56 13
32 84 56 13
22 67 56 13
49 96 56 13
49 66 56 13
85 23 56 13
33 45 56 92
49 55 56 92
68 83 56 92
46 78 56 92
1 86 56 92
14 73 57 9
28 73 57 9
50 12 57 46
6 79 57 46
99 89 57 46
68 95 57 66
49 91 57 66
4 87 57 66
71 63 57 66
38 50 57 66
70 7 57 66
15 95 57 66
50 11 57 66
39 85 57 66
28 61 57 73
7 90 57 73
36 20 57 73
47 80 57 73
49 61 57 73
94 12 57 73
33 70 57 73
97 53 57 73
49 51 57 13
18 92 57 13
80 19 57 13
96 0 57 13
4 93 57 13
27 76 57 13
47 99 57 13
71 40 57 13
44 60 57 13
13 97 57 45
11 62 57 45
96 36 57 45
45 31 57 45
43 95 58 6
33 53 58 6
32 16 58 6
44 96 58 6
48 74 58 6
83 17 58 6
72 13 58 6
28 46 58 6
95 1 58 0
1 65 58 0
91 50 58 40
8 82 58 40
58 6 58 40
4 62 58 40
48 58 58 40
8 81 58 40
22 61 59 58
7 28 59 58
11 62 59 58
96 36 59 58
69 70 59 58
19 89 59 29
2 72 59 29
52 57 59 29
80 19 59 29
30 67 60 95
28 50 60 95
14 65 60 95
8 3 60 95
13 38 61 79
91 86 61 79
71 40 61 79
55 83 61 42
42 36 61 42
86 65 61 42
94 9 61 42
42 58 61 42
68 37 61 42
89 52 61 16
33 25 61 16
71 89 61 16
30 95 61 16
32 16 61 16
20 72 61 16
31 35 61 16
1 23 61 16
12 29 61 11
35 1 61 11
80 19 61 11
76 3 61 11
91 86 61 11
81 90 61 11
36 53 61 11
23 93 61 11
96 91 61 11
36 44 62 56
95 10 62 56
35 1 62 56
50 83 62 56
6 79 62 56
19 77 62 56
49 52 62 10
45 58 62 10
12 49 62 10
25 92 62 10
36 20 62 10
75 26 63 97
11 75 63 97
96 91 63 97
99 26 63 97
1 23 63 84
49 54 63 84
48 41 63 84
19 78 63 84
48 68 63 84
9 92 63 84
82 81 64 32
15 95 64 32
72 52 64 32
26 56 64 15
11 75 64 15
34 58 64 15
79 24 64 15
88 89 64 15
53 72 64 15
43 96 64 19
3 23 65 66
19 78 65 66
45 76 65 66
47 50 65 66
9 98 65 66
1 97 65 66
83 34 65 39
8 57 65 39
32 80 65 39
32 89 65 39
14 84 65 94
69 59 66 36
45 14 66 36
7 69 66 36
42 32 66 36
48 64 66 36
49 55 66 82
82 54 66 82
87 23 66 82
21 93 66 98
42 21 66 98
91 3 66 98
81 59 66 98
38 86 66 97
54 88 66 97
17 67 66 54
6 11 66 54
83 63 66 54
8 3 66 54
69 70 66 54
86 20 66 54
12 76 66 54
31 52 66 54
73 3 67 62
69 39 67 18
38 61 67 18
85 0 67 18
86 19 67 18
45 31 67 18
43 66 67 18
49 65 67 18
20 64 67 18
54 85 67 18
45 71 67 18
49 50 68 13
47 99 68 13
66 98 68 13
93 3 68 13
45 46 68 13
88 65 68 13
49 63 68 13
22 77 68 13
87 23 68 13
33 91 68 13
79 36 68 95
44 60 68 37
47 3 68 31
3 66 68 31
72 52 68 31
14 52 68 31
95 5 68 31
33 91 68 31
83 1 68 31
51 87 68 31
66 82 68 83
46 66 68 83
13 97 68 83
59 58 69 76
95 5 69 76
33 91 69 76
52 16 69 76
72 52 69 76
48 57 69 76
68 83 69 76
37 88 69 76
24 52 69 76
22 67 69 76
27 76 69 98
8 81 69 39
81 59 69 39
38 86 69 39
9 98 69 39
96 91 69 39
24 84 69 39
57 73 69 59
83 34 69 70
6 79 69 70
11 56 69 70
4 88 69 70
31 19 69 70
7 12 69 70
44 60 69 70
25 92 69 70
90 33 69 70
20 64 70 13
50 12 70 13
49 52 70 13
32 16 70 13
12 64 70 75
0 73 70 75
9 92 70 75
14 65 70 75
2 56 70 75
71 89 70 75
6 79 70 75
46 84 70 75
24 57 70 75
53 91 70 57
84 4 70 57
12 29 70 57
17 33 70 57
99 89 70 57
96 56 70 7
98 97 70 7
4 88 70 7
24 69 70 7
35 56 70 7
45 92 70 7
83 17 71 40
69 59 71 40
97 75 71 40
43 65 71 40
91 19 71 40
42 36 71 96
94 51 71 80
14 89 71 80
49 78 71 80
49 65 71 80
69 70 71 80
13 97 71 80
2 32 71 63
52 57 71 63
39 50 71 63
88 95 71 63
34 93 71 63
18 75 71 63
42 74 71 63
49 76 71 63
2 72 71 63
35 1 71 63
93 2 71 89
84 4 71 89
49 69 72 73
48 64 72 73
4 88 72 73
34 25 72 73
34 93 72 73
49 51 72 73
9 92 72 73
90 80 72 73
49 50 72 67
30 95 72 67
24 36 72 13
89 43 72 13
7 23 72 13
30 45 72 13
12 29 72 13
17 81 72 13
2 56 72 71
49 59 72 71
8 57 72 71
46 78 72 71
22 77 72 71
29 90 72 71
20 64 72 71
91 50 72 21
55 62 72 52
94 91 72 52
94 12 73 3
28 18 74 46
75 48 74 46
33 70 75 57
36 53 75 57
49 51 75 57
72 13 75 57
64 15 75 57
14 65 75 57
26 27 75 57
16 78 75 57
88 65 75 57
23 16 75 53
4 87 75 53
49 78 75 53
52 80 75 53
12 6 75 26
50 64 75 26
49 58 75 26
94 9 75 26
20 15 75 26
86 19 75 26
24 36 75 26
30 67 75 26
16 53 75 48
7 60 75 48
80 76 75 48
14 95 75 48
50 64 75 48
62 10 75 48
2 21 75 48
10 74 75 88
21 92 75 88
59 58 75 88
86 65 76 40
91 19 76 40
43 95 76 40
70 57 76 3
86 19 76 3
92 2 76 3
45 92 76 3
10 74 76 3
27 87 76 3
32 89 76 3
55 62 77 74
9 98 77 74
49 36 77 74
98 76 77 74
8 57 77 74
13 83 77 74
15 95 77 74
4 78 77 74
7 90 77 74
8 67 77 74
83 7 77 74
2 32 77 76
99 89 77 76
85 83 77 76
31 35 79 89
24 86 79 23
39 85 79 23
36 20 79 23
25 48 79 23
45 92 79 23
64 32 79 23
28 73 79 23
24 26 79 23
86 65 79 23
26 27 79 23
33 80 79 23
58 40 79 36
40 51 79 36
38 78 79 36
47 99 79 36
31 52 79 36
31 19 79 36
30 45 79 36
86 19 79 36
26 96 79 36
82 40 79 36
98 30 79 24
0 94 79 24
21 98 79 24
26 27 79 24
18 92 79 24
88 91 79 24
14 83 79 24
94 2 79 24
91 3 79 97
36 56 79 97
2 57 79 97
26 96 79 97
18 75 79 97
49 52 79 97
13 83 79 97
95 1 79 97
12 3 79 97
99 25 79 97
49 59 79 97
83 7 79 97
98 76 79 65
12 64 79 65
48 57 79 65
2 32 79 65
20 64 79 65
65 94 79 65
61 16 79 65
17 33 79 65
26 27 79 65
33 91 80 86
25 38 80 86
70 75 80 86
4 91 80 86
44 60 80 86
21 93 80 86
59 29 80 86
24 84 80 86
53 10 80 86
10 44 80 86
48 74 80 86
49 51 80 20
81 90 80 20
23 93 80 20
34 93 80 20
69 59 80 76
70 13 80 76
68 31 80 76
43 95 80 76
9 2 80 19
95 78 80 19
66 97 80 19
33 25 80 19
14 89 80 19
54 88 80 19
31 97 80 19
46 88 80 19
50 11 80 19
97 53 80 19
31 35 80 19
79 36 80 19
42 32 80 75
67 62 80 75
20 72 80 75
48 41 80 75
43 66 80 75
7 28 80 97
75 88 80 97
69 98 80 97
46 66 80 97
10 74 80 97
63 84 80 97
88 21 80 97
97 75 81 59
45 76 81 59
13 97 81 59
48 41 81 68
48 74 81 68
1 51 81 68
14 52 81 68
98 97 81 68
7 9 81 68
12 61 81 68
17 25 81 68
7 12 81 68
7 69 81 68
49 11 81 68
49 61 81 68
24 52 81 90
38 86 81 90
83 7 81 90
82 40 81 90
5 72 81 90
43 65 81 90
8 81 82 54
30 95 82 54
33 91 82 54
33 45 82 54
25 39 82 54
82 81 82 40
89 52 82 40
49 6 82 40
26 36 82 40
34 88 82 40
32 54 82 40
6 79 82 40
49 60 82 81
30 67 82 81
44 5 82 81
6 59 82 81
30 94 82 81
40 87 82 81
7 86 82 81
25 38 82 81
12 64 82 81
42 74 83 54
7 69 83 54
72 21 83 54
72 71 83 54
33 53 83 54
49 65 83 54
1 48 83 54
12 29 83 54
68 13 83 1
1 51 83 1
54 88 83 1
96 33 83 63
85 0 83 63
69 39 83 34
8 3 83 34
92 2 83 34
85 0 83 34
33 53 83 34
88 91 83 34
25 57 83 34
68 31 83 34
59 29 83 34
98 10 83 2
2 53 83 2
12 8 83 2
55 62 83 17
75 88 83 17
6 53 83 17
64 19 83 7
49 60 83 7
94 12 83 7
26 36 83 7
8 67 83 7
13 63 83 7
94 35 83 7
49 26 83 7
91 7 83 7
20 93 83 7
12 49 83 7
39 50 84 4
71 63 84 4
19 53 84 4
44 5 84 4
4 88 84 4
28 46 84 4
8 82 84 4
83 7 84 4
47 73 84 4
43 47 84 4
8 67 84 4
45 76 85 0
92 2 85 0
94 68 85 0
60 95 85 0
19 77 85 0
49 6 85 0
55 62 85 0
46 78 85 0
83 34 85 23
22 61 85 83
1 97 85 93
91 76 85 93
64 32 85 93
58 0 85 93
19 6 86 20
39 81 86 20
20 70 86 20
36 56 86 20
66 82 86 20
69 59 86 20
52 56 86 20
6 93 86 20
20 72 86 65
37 10 86 65
48 57 86 65
45 76 86 65
79 24 86 65
12 6 86 65
9 92 86 65
22 11 86 65
12 76 86 65
45 71 86 65
6 53 86 19
57 66 86 19
38 86 86 19
33 53 86 19
24 84 86 19
7 69 86 19
36 23 86 19
41 96 86 19
12 80 86 19
36 63 86 19
91 50 86 19
12 8 86 19
24 81 86 46
46 84 86 46
45 83 86 46
9 10 86 46
70 75 86 46
9 2 86 46
38 50 86 46
29 92 86 46
49 55 87 23
80 19 87 23
91 7 87 23
42 58 87 23
91 95 87 23
25 57 87 23
72 21 87 23
12 3 87 23
45 76 88 45
20 70 88 45
19 77 88 45
49 50 88 45
8 84 88 45
35 79 88 45
45 83 88 45
90 48 88 45
44 41 88 45
26 56 88 45
49 6 88 45
50 12 88 45
28 50 88 89
54 24 88 89
45 83 88 89
41 79 88 89
81 59 88 89
71 80 88 65
39 81 88 65
89 43 88 65
69 70 88 65
86 46 88 65
95 70 88 65
31 52 88 65
45 46 88 65
92 2 88 99
40 90 88 99
2 53 88 99
99 89 88 99
46 66 88 49
0 73 88 49
41 88 88 49
97 75 88 95
13 97 88 95
44 5 88 95
54 24 88 95
25 39 88 95
47 99 88 95
88 99 88 95
33 37 88 95
14 95 88 95
70 13 88 95
79 89 88 95
57 66 88 95
68 31 88 21
27 76 88 21
91 73 88 91
94 80 88 91
20 70 88 91
19 53 88 91
82 40 89 87
75 57 89 87
16 58 89 87
34 93 89 87
62 56 89 87
88 45 89 87
20 72 89 87
43 95 89 87
22 61 89 43
2 32 89 43
20 93 89 43
34 58 89 43
85 93 89 43
42 74 89 43
94 35 89 43
28 61 89 43
2 57 89 43
24 69 89 43
44 76 89 52
34 58 89 52
67 18 89 52
50 83 89 52
28 50 89 52
49 50 89 52
91 43 89 52
13 62 89 52
94 51 90 48
70 57 90 48
43 66 90 48
20 93 90 48
49 55 90 48
32 46 90 48
12 8 90 48
67 18 90 48
8 84 90 48
87 23 90 48
88 21 90 48
33 25 90 48
69 70 90 80
95 1 90 80
96 61 90 80
35 56 90 80
88 89 90 80
55 83 90 33
80 76 90 33
54 24 90 33
44 5 90 33
0 73 90 33
99 97 90 33
12 29 90 33
42 36 91 73
30 95 91 73
62 10 91 73
49 91 91 73
14 83 91 73
42 92 91 73
17 67 91 19
80 76 91 19
8 67 91 19
1 65 91 19
1 61 91 19
31 19 91 19
9 86 91 50
12 60 91 50
91 95 91 50
25 51 91 50
93 3 91 50
49 65 91 50
27 76 91 50
22 77 91 50
99 25 91 50
28 73 91 76
1 25 91 76
49 90 91 76
31 52 91 86
64 32 91 86
79 65 91 86
97 19 91 86
30 45 91 86
56 13 91 86
87 23 91 86
97 53 91 86
49 55 91 86
9 86 91 86
63 97 91 7
40 51 91 7
54 24 91 7
49 54 91 7
20 72 91 7
21 92 91 7
64 19 91 7
89 87 91 7
97 4 91 7
79 89 91 7
44 60 91 7
79 36 91 43
46 96 91 43
47 80 91 43
21 93 91 43
37 10 91 43
7 23 91 43
96 33 91 43
80 19 91 43
89 52 91 95
42 74 91 95
88 21 91 95
94 51 91 95
72 21 91 95
46 66 91 95
41 80 91 95
2 72 91 3
81 59 91 3
4 88 91 3
39 85 91 3
49 13 91 3
13 62 91 3
8 60 91 3
26 74 91 3
54 85 92 2
32 80 92 2
43 65 92 2
11 75 92 2
47 99 93 3
64 32 93 3
24 26 93 3
89 43 93 3
41 80 93 3
20 64 93 3
43 36 93 3
88 91 93 2
96 36 93 2
62 56 93 2
2 32 93 2
20 40 93 2
1 23 93 2
96 33 93 2
8 98 93 2
86 65 93 2
89 87 93 2
75 88 94 37
12 80 94 37
68 83 94 37
23 66 94 37
80 19 94 37
66 36 94 37
42 36 94 68
18 65 94 68
21 98 94 91
97 75 94 91
13 38 94 91
95 10 94 91
49 10 94 91
13 83 94 91
63 84 94 91
32 57 94 91
15 73 94 91
4 93 94 91
96 79 94 12
49 60 94 12
31 59 94 12
66 97 94 12
45 83 94 12
98 76 94 12
10 72 94 35
68 95 94 35
0 73 94 35
24 36 94 35
36 23 94 9
33 53 94 99
48 58 94 99
88 49 94 99
24 57 94 99
39 80 94 2
12 80 94 2
21 93 94 2
75 26 94 95
15 95 94 80
12 6 94 80
3 23 94 80
12 60 94 80
48 68 94 80
94 68 94 80
69 70 94 80
24 86 94 80
1 97 94 80
49 98 94 80
57 45 94 51
13 63 94 51
54 85 94 51
69 39 94 51
38 78 94 51
37 83 94 51
31 97 94 51
34 58 94 51
24 84 94 51
70 13 94 51
86 20 95 7
94 95 95 7
44 76 95 7
4 78 95 7
97 53 95 7
48 74 95 7
11 42 95 7
7 9 95 7
5 21 95 7
51 87 95 7
96 79 95 7
1 61 95 78
8 84 95 78
12 6 95 78
20 8 95 78
23 16 95 78
71 96 95 78
9 92 95 78
36 44 95 78
88 49 95 5
14 83 95 5
20 72 95 5
29 82 95 5
75 48 95 5
97 53 95 5
49 11 95 10
26 96 95 10
99 90 95 10
49 96 95 10
96 12 95 10
45 76 95 10
98 30 95 10
59 29 95 10
19 78 95 10
99 34 95 10
79 65 95 10
28 46 95 1
7 69 95 1
45 14 95 70
63 84 95 70
36 44 95 70
24 81 95 70
81 90 95 70
34 93 95 70
86 20 95 70
97 19 96 73
94 95 96 73
71 89 96 73
15 73 96 73
11 42 96 73
12 3 96 73
51 87 96 73
49 96 96 61
77 76 96 61
96 12 96 61
32 80 96 61
98 30 96 61
70 13 96 61
94 12 96 33
44 96 96 33
85 83 96 33
34 58 96 33
36 40 96 33
19 78 96 33
32 16 96 33
49 61 96 33
57 66 96 33
99 34 96 33
52 56 96 33
48 68 96 33
96 73 96 56
63 84 96 56
77 76 96 56
85 0 96 56
57 45 96 56
1 25 96 56
61 11 96 56
14 84 96 12
61 79 96 12
5 21 96 12
46 79 96 12
30 67 96 12
94 9 96 12
18 92 96 12
49 74 96 12
65 66 96 0
17 67 96 0
70 7 96 0
88 65 96 0
5 61 96 0
6 11 96 0
12 49 96 0
53 91 96 0
39 68 96 91
94 2 96 91
64 15 96 91
16 53 96 91
42 36 96 91
89 43 96 91
76 40 96 91
49 54 96 91
36 63 96 91
12 6 96 91
18 6 96 91
96 33 96 91
97 19 96 91
75 48 96 91
83 34 96 79
17 25 96 79
7 90 96 79
96 61 96 79
22 11 96 79
71 80 96 79
58 40 96 79
8 67 96 36
9 92 96 36
30 94 96 36
80 20 96 36
45 71 96 36
36 44 96 36
39 47 96 36
27 85 96 36
79 23 96 36
28 18 96 36
61 16 96 36
12 60 97 75
34 93 97 75
86 46 97 75
1 48 97 75
5 72 97 75
36 44 97 75
91 73 97 75
31 59 97 75
80 75 97 75
94 95 97 75
61 11 97 19
2 53 97 19
2 21 97 19
52 57 97 4
49 36 97 4
57 66 97 4
97 19 97 4
60 95 97 4
46 85 97 87
49 52 97 87
82 40 97 87
5 21 97 87
17 81 97 87
94 80 97 53
6 53 97 53
89 52 97 53
99 90 97 53
72 67 97 53
79 24 97 53
99 97 98 97
71 40 98 97
8 98 98 97
57 46 98 97
19 53 98 13
71 80 98 13
20 8 98 13
89 43 98 13
21 92 98 13
68 95 98 13
26 96 98 13
69 70 98 76
52 57 98 76
72 52 98 76
4 78 98 76
49 63 98 76
45 14 98 76
0 90 98 76
99 89 98 76
26 96 98 76
10 72 98 76
49 58 98 10
91 7 98 30
39 47 98 30
84 4 98 30
48 57 98 30
36 56 98 30
75 48 98 30
49 61 98 30
4 88 98 30
1 65 98 30
8 60 98 30
24 86 98 30
91 95 98 30
7 90 98 30
20 93 98 30
97 4 98 30
94 99 98 30
96 0 98 56
40 87 98 56
75 57 98 56
88 95 98 56
64 15 98 56
36 40 98 56
44 5 98 56
49 78 99 90
18 92 99 90
3 66 99 90
49 66 99 90
75 57 99 90
16 78 99 90
21 98 99 26
39 80 99 26
69 76 99 26
45 46 99 26
32 16 99 26
45 92 99 26
82 40 99 26
8 67 99 26
86 46 99 26
49 13 99 26
71 63 99 26
94 91 99 26
72 52 99 26
67 18 99 26