100
300
897
0 94 10
0 90 90
0 73 49
1 86 42
1 61 109
1 23 141
1 26 99
1 51 133
2 71 133
2 79 54
2 87 85
2 73 49
3 64 59
3 55 99
3 33 120
3 61 106
4 55 147
4 97 66
4 75 146
5 94 62
5 74 63
5 28 105
5 6 33
6 57 130
6 81 14
6 83 51
6 39 134
7 56 86
7 90 42
7 6 6
8 90 85
8 80 93
8 49 43
9 86 90
9 90 108
9 23 75
9 60 63
10 96 88
10 75 5
10 80 45
10 44 133
11 73 78
11 99 14
11 64 11
12 96 67
12 51 24
12 54 122
13 98 118
13 87 31
13 64 10
13 99 132
14 75 148
14 86 145
14 10 39
14 93 109
15 79 129
15 56 12
15 63 36
15 37 25
16 91 13
16 72 125
16 49 51
16 55 4
17 54 102
17 95 48
17 49 85
18 79 36
18 82 66
18 50 75
18 57 73
19 65 134
19 97 4
19 64 118
20 86 91
20 97 14
20 53 70
20 64 52
21 96 120
21 67 141
21 94 148
21 15 131
22 79 13
22 94 134
22 49 94
23 80 141
23 97 79
23 39 54
24 73 7
24 78 7
24 5 103
24 54 48
25 50 62
25 75 125
25 6 29
25 44 14
26 64 57
26 93 14
26 40 149
27 85 3
27 90 142
27 82 84
27 69 136
28 56 145
28 65 77
28 2 125
29 93 71
29 84 10
29 90 23
29 75 119
30 73 140
30 74 103
30 1 108
31 72 124
31 68 118
31 0 91
32 86 41
32 76 16
32 34 122
33 87 66
33 98 88
33 11 44
34 81 40
34 61 82
34 43 8
34 26 42
35 83 87
35 63 149
35 29 8
36 85 94
36 87 102
36 76 1
37 97 24
37 73 108
37 46 97
37 18 98
38 92 123
38 50 4
38 33 96
38 10 134
39 90 89
39 74 27
39 17 25
39 96 18
40 59 123
40 67 1
40 98 111
41 98 145
41 91 38
41 61 72
41 80 46
42 67 133
42 56 49
42 74 77
43 59 93
43 64 59
43 27 134
44 80 51
44 52 138
44 76 30
45 93 15
45 88 146
45 25 0
45 58 89
46 56 20
46 79 26
46 5 142
47 57 127
47 72 143
47 82 31
48 56 140
48 59 132
48 0 148
49 56 36
49 88 25
49 51 137
49 52 107
49 53 30
49 58 114
49 60 110
49 61 120
49 62 35
49 63 112
49 66 115
49 68 108
49 69 23
49 70 19
49 74 60
49 76 13
49 77 7
49 78 8
49 82 101
49 84 79
49 89 98
49 95 81
49 99 14
49 59 15
50 73 79
51 73 60
52 45 113
52 14 40
53 52 63
54 67 127
54 39 25
55 46 70
56 99 63
57 33 146
58 50 75
59 64 63
59 47 74
60 18 46
61 13 99
62 46 52
62 14 10
63 44 32
63 77 38
64 86 29
65 39 45
65 16 125
66 82 59
67 83 94
68 42 76
69 93 43
70 48 103
70 87 140
71 79 33
72 95 97
72 2 12
73 9 116
73 46 70
74 93 99
75 89 28
75 36 131
76 14 135
76 94 13
77 44 133
77 38 63
78 47 5
79 50 103
80 29 56
80 0 86
81 47 106
81 94 76
81 46 131
81 32 36
82 38 14
82 74 131
83 11 48
83 23 43
83 69 147
84 33 17
84 25 94
84 90 63
84 99 53
85 46 134
85 24 86
86 15 131
87 82 48
87 40 132
87 54 101
87 88 88
88 50 27
88 35 113
88 3 78
89 91 35
89 7 124
90 11 72
90 76 66
90 80 25
90 93 70
91 9 113
92 1 102
92 55 46
93 5 130
93 6 40
94 77 47
94 57 15
94 29 89
95 69 101
95 0 47
96 51 109
96 71 63
96 25 52
96 83 124
97 92 83
97 57 26
97 76 20
97 84 34
97 55 90
97 43 135
97 30 139
97 6 120
98 73 136
98 86 128
98 27 114
99 94 56
99 6 114
99 81 71
99 24 93
99 50 33
99 46 101
38 33 49 69
38 33 77 38
38 33 59 47
38 33 30 1
38 33 19 64
38 33 92 55
38 33 49 84
49 58 88 3
49 58 38 33
49 58 63 44
49 58 24 5
0 90 46 56
0 90 59 47
0 90 44 52
0 90 1 86
0 90 42 56
30 74 49 68
30 74 62 14
30 74 66 82
30 74 64 86
30 74 28 65
30 74 39 74
46 56 30 74
46 56 86 15
46 56 51 73
46 56 99 50
46 56 21 96
46 56 27 85
0 73 48 56
0 73 20 64
0 73 96 25
48 56 99 94
48 56 75 89
48 56 73 9
48 56 44 80
48 56 37 18
1 86 30 73
1 86 13 87
1 86 45 25
1 86 94 29
30 73 82 74
30 73 62 46
30 73 89 91
30 73 65 39
30 73 2 87
30 73 5 28
1 61 41 61
1 61 36 87
1 61 47 82
1 61 99 94
1 61 13 99
41 61 54 39
41 61 89 91
41 61 97 55
41 61 5 28
1 23 41 91
1 23 49 68
41 91 49 99
41 91 65 16
41 91 80 0
41 91 57 33
41 91 42 56
1 26 43 27
1 26 37 18
1 26 92 1
39 74 53 52
39 74 99 24
39 74 50 73
39 74 1 23
43 27 39 74
43 27 76 94
43 27 84 90
43 27 82 74
43 27 97 6
1 51 27 69
1 51 14 75
27 69 87 40
27 69 49 77
27 69 96 51
27 69 10 96
27 69 62 46
2 71 29 84
2 71 47 72
28 56 83 23
28 56 97 84
28 56 66 82
28 56 97 6
28 56 9 86
29 84 28 56
29 84 59 64
29 84 91 9
29 84 0 90
29 84 36 87
2 79 41 80
2 79 70 87
41 80 60 18
41 80 92 55
41 80 63 77
41 80 97 43
41 80 3 64
2 87 46 5
2 87 33 11
46 5 77 44
46 5 63 77
46 5 50 73
46 5 19 97
46 5 4 55
2 73 38 92
2 73 51 73
38 92 90 76
38 92 70 87
38 92 99 50
38 92 24 54
3 64 43 64
3 64 19 65
43 64 87 40
43 64 67 83
43 64 84 90
43 64 5 6
3 55 47 72
3 55 2 79
3 55 6 39
47 72 49 78
47 72 49 95
47 72 62 46
47 72 2 87
47 72 10 44
3 33 38 10
3 33 13 98
3 33 39 17
38 10 62 14
38 10 88 35
38 10 97 6
38 10 95 0
38 10 37 18
3 61 31 0
3 61 34 26
31 0 67 83
31 0 92 1
31 0 62 46
31 0 70 48
31 0 22 94
4 55 42 74
4 55 33 98
4 55 89 91
42 74 90 76
42 74 76 14
42 74 88 35
42 74 52 14
4 97 44 80
4 97 49 62
4 97 90 76
44 80 53 52
44 80 65 39
44 80 72 95
44 80 17 49
44 80 17 54
4 75 47 57
4 75 27 85
47 57 49 62
47 57 81 94
47 57 97 92
47 57 7 6
47 57 37 18
5 94 39 96
5 94 13 98
39 96 81 32
39 96 59 64
39 96 90 80
39 96 34 81
39 96 3 55
5 74 39 17
5 74 21 94
39 17 49 66
39 17 70 48
39 17 88 35
39 17 84 33
5 28 49 53
5 28 80 29
49 56 77 38
49 56 69 93
49 56 76 14
49 56 94 57
49 56 33 11
49 56 25 44
49 53 98 27
49 53 49 56
49 53 80 0
49 53 9 90
5 6 45 93
5 6 63 44
5 6 47 57
45 93 49 61
45 93 90 93
45 93 84 33
45 93 99 46
45 93 96 71
49 61 64 86
49 61 99 6
49 61 97 76
49 61 94 57
49 61 57 33
49 61 98 86
6 57 34 81
6 57 6 83
6 57 13 99
34 81 79 50
34 81 73 9
34 81 90 80
34 81 12 54
6 81 29 93
6 81 49 62
6 81 97 92
29 93 36 76
29 93 49 66
29 93 51 73
29 93 49 53
29 93 49 61
36 76 76 94
36 76 87 88
36 76 84 99
36 76 55 46
36 76 70 87
36 76 47 82
6 83 40 98
6 83 11 73
6 83 80 29
40 98 49 99
40 98 49 68
40 98 66 82
40 98 87 40
40 98 18 57
6 39 45 88
6 39 42 56
45 88 97 92
45 88 81 94
45 88 80 29
45 88 10 96
45 88 12 96
7 56 42 56
7 56 52 14
42 56 83 11
42 56 54 67
42 56 53 52
42 56 38 33
7 90 35 29
7 90 1 23
7 90 49 88
35 29 49 60
35 29 99 24
35 29 93 5
35 29 98 73
35 29 26 93
35 29 41 61
49 60 89 91
49 60 84 33
49 60 97 76
49 60 15 63
49 60 10 96
7 6 45 58
7 6 12 51
45 58 81 46
45 58 65 16
45 58 52 45
45 58 49 68
45 58 31 0
8 90 44 76
8 90 59 47
44 76 49 95
44 76 80 0
44 76 68 42
44 76 81 94
44 76 53 52
8 80 37 73
8 80 84 25
37 73 53 52
37 73 49 51
37 73 82 38
37 73 76 94
37 73 85 24
37 73 24 5
37 73 81 32
41 98 59 64
41 98 81 47
41 98 49 77
41 98 81 32
41 98 25 44
49 51 41 98
49 51 80 29
49 51 16 91
49 51 66 82
8 49 48 59
8 49 40 67
8 49 49 89
48 59 63 44
48 59 94 77
48 59 88 50
48 59 24 5
9 86 37 18
9 86 2 71
33 98 98 86
33 98 30 73
37 18 33 98
37 18 61 13
37 18 84 90
37 18 56 99
37 18 59 64
37 18 65 16
37 18 80 29
9 90 48 0
9 90 62 46
9 90 83 23
48 0 61 13
48 0 97 57
48 0 97 84
48 0 99 6
48 0 20 64
9 23 49 52
9 23 18 82
9 23 29 93
49 52 49 66
49 52 97 43
49 52 85 46
49 52 41 91
9 60 29 90
9 60 94 77
9 60 5 6
29 90 31 72
29 90 49 69
29 90 49 62
29 90 49 60
31 72 80 0
31 72 99 50
31 72 73 9
31 72 90 80
31 72 39 17
10 96 46 79
10 96 23 39
46 79 49 88
46 79 80 0
46 79 92 1
46 79 90 76
46 79 99 81
49 88 49 70
49 88 89 7
49 88 97 43
49 88 10 44
10 75 42 67
10 75 87 88
10 75 19 97
42 67 99 50
42 67 83 11
42 67 99 6
42 67 47 72
42 67 17 54
10 80 35 63
10 80 36 85
10 80 32 86
35 63 75 36
35 63 99 24
35 63 49 70
35 63 8 80
10 44 29 75
10 44 17 95
10 44 45 88
29 75 81 94
29 75 71 79
29 75 99 6
29 75 34 43
29 75 26 40
11 73 40 59
11 73 15 56
11 73 5 94
40 59 49 74
40 59 62 14
40 59 49 66
40 59 9 60
40 59 84 99
11 99 32 76
11 99 97 84
11 99 31 72
32 76 89 7
32 76 81 46
32 76 63 44
32 76 83 23
11 64 37 97
11 64 4 97
11 64 4 55
32 86 62 14
32 86 93 5
32 86 74 93
32 86 49 69
32 86 31 68
32 86 19 97
37 97 32 86
37 97 70 87
37 97 81 46
37 97 28 65
12 96 34 26
12 96 2 87
12 96 54 39
34 26 90 80
34 26 87 40
34 26 49 69
34 26 5 28
12 51 35 83
12 51 45 88
12 51 0 90
35 83 43 59
35 83 49 76
35 83 90 80
35 83 66 82
43 59 59 47
43 59 99 81
43 59 94 57
43 59 80 29
43 59 99 46
12 54 28 2
12 54 31 68
12 54 37 18
28 2 81 47
28 2 49 84
28 2 49 74
28 2 92 55
13 98 36 85
13 98 53 52
33 87 49 63
33 87 97 57
33 87 87 82
33 87 34 81
36 85 80 29
36 85 33 87
36 85 99 81
36 85 52 14
36 85 49 78
36 85 44 80
13 87 59 64
13 87 94 77
13 87 38 10
13 64 87 54
13 64 50 73
13 64 29 75
13 64 27 69
13 99 32 34
13 99 59 47
13 99 40 67
32 34 49 66
32 34 87 88
32 34 60 18
32 34 49 82
14 75 84 33
14 75 51 73
14 75 47 57
14 86 95 0
14 86 49 89
14 86 84 99
14 10 49 74
14 10 82 38
14 10 99 6
14 93 98 86
14 93 49 82
14 93 76 94
15 79 60 18
15 79 50 73
15 79 19 97
15 79 49 82
15 56 28 65
15 56 29 90
28 65 96 51
28 65 90 80
28 65 93 6
28 65 49 51
15 63 62 14
15 63 76 94
15 63 42 56
15 37 30 1
15 37 2 79
30 1 37 46
30 1 61 13
30 1 59 64
30 1 94 77
37 46 81 94
37 46 83 23
37 46 89 7
37 46 63 77
37 46 1 26
16 91 44 52
16 91 15 79
44 52 80 29
44 52 79 50
44 52 90 11
44 52 36 76
44 52 30 1
16 72 31 68
16 72 21 15
16 72 62 14
31 68 94 29
31 68 70 87
31 68 63 44
31 68 11 64
16 49 66 82
16 49 74 93
16 49 15 37
16 49 35 29
16 55 96 25
16 55 85 46
16 55 11 73
16 55 89 91
17 54 45 25
17 54 1 23
36 87 61 13
36 87 79 50
36 87 60 18
36 87 82 74
45 25 66 82
45 25 36 87
45 25 62 14
45 25 91 9
45 25 90 76
45 25 33 98
45 25 29 93
17 95 27 82
17 95 13 87
27 82 60 18
27 82 62 14
27 82 78 47
27 82 35 83
17 49 72 95
17 49 91 9
17 49 77 44
17 49 99 24
18 79 73 46
18 79 84 33
18 79 5 74
18 82 49 82
18 82 97 43
18 82 20 97
18 82 97 30
18 50 34 61
18 50 5 28
34 61 99 81
34 61 97 84
34 61 59 64
34 61 22 79
18 57 84 33
18 57 90 93
18 57 96 51
18 57 29 90
19 65 39 90
19 65 38 33
19 65 27 85
39 90 87 82
39 90 99 46
39 90 94 29
39 90 16 55
39 90 73 9
19 97 74 93
19 97 94 77
19 97 73 46
19 97 49 53
19 64 73 9
19 64 93 5
19 64 16 55
19 64 40 59
20 86 49 70
20 86 89 7
20 86 5 94
20 86 49 82
20 97 62 14
20 97 63 44
20 97 9 60
20 97 9 90
20 53 88 35
20 53 99 46
20 53 62 46
20 53 75 36
20 64 50 73
20 64 59 64
20 64 85 24
21 96 49 84
21 96 55 46
21 96 73 9
21 96 4 75
21 67 79 50
21 67 99 81
21 67 6 81
21 94 59 64
21 94 99 46
21 94 59 47
21 15 97 55
21 15 51 73
21 15 28 56
21 15 30 74
22 79 47 82
22 79 15 37
22 79 32 34
47 82 88 35
47 82 49 63
47 82 70 87
47 82 21 94
22 94 33 11
22 94 98 27
22 94 13 87
33 11 67 83
33 11 50 73
33 11 49 63
33 11 15 56
22 49 34 43
22 49 49 66
22 49 49 59
34 43 49 59
34 43 76 14
34 43 87 88
34 43 87 40
34 43 10 80
23 80 93 6
23 80 76 94
23 80 41 91
23 80 28 65
23 97 40 67
23 97 65 39
23 97 75 36
40 67 62 46
40 67 80 29
40 67 93 6
40 67 7 56
23 39 49 84
23 39 64 86
23 39 49 59
24 73 49 76
24 73 70 48
24 73 99 6
24 73 17 54
24 78 66 82
24 78 97 76
24 78 99 81
24 5 38 50
24 5 19 64
24 5 25 50
38 50 69 93
38 50 84 25
38 50 96 71
38 50 49 61
38 50 17 95
24 54 69 93
24 54 88 50
24 54 20 97
24 54 50 73
25 50 50 73
25 50 87 88
25 50 45 25
25 50 97 43
25 75 85 24
25 75 82 38
25 75 45 58
25 6 70 87
25 6 49 70
25 6 4 55
25 6 70 48
25 44 97 57
25 44 52 45
25 44 4 97
25 44 34 81
26 64 49 70
26 64 72 2
26 64 97 30
26 64 90 11
26 93 87 82
26 93 62 46
26 93 34 81
26 93 89 91
26 40 56 99
26 40 90 80
27 85 99 46
27 85 75 89
27 90 49 95
27 90 63 77
27 90 49 68
27 90 49 77
27 90 49 89
27 90 51 73
27 90 52 45
27 90 52 14
27 90 54 67
27 90 55 46
27 90 57 33
27 90 58 50
27 90 65 39
27 90 65 16
27 90 68 42
27 90 71 79
27 90 72 2
27 90 75 89
27 90 76 14
27 90 76 94
27 90 77 38
27 90 78 47
27 90 82 38
27 90 83 69
27 90 84 25
27 90 84 90
27 90 85 46
27 90 86 15
27 90 87 88
27 90 88 50
27 90 88 3
27 90 90 11
27 90 90 93
27 90 91 9
27 90 92 1
27 90 92 55
27 90 93 5
27 90 94 77
27 90 94 57
27 90 95 69
27 90 96 71
27 90 96 83
27 90 97 76
27 90 97 84
27 90 97 43
27 90 97 30
27 90 97 6
27 90 98 73
27 90 98 27
27 90 99 6
27 90 99 24
57 33 1 26
58 50 97 55
58 50 99 6
59 64 5 6
59 64 21 15
59 47 91 9
60 18 44 52
60 18 18 82
61 13 87 40
61 13 25 6
62 46 49 95
62 14 28 2
63 44 97 43
63 44 34 26
63 77 31 68
64 86 36 76
65 39 95 0
65 39 59 64
65 16 18 50
65 16 72 2
66 82 32 86
67 83 49 63
67 83 36 76
68 42 14 10
69 93 62 14
69 93 99 46
70 48 48 0
70 48 66 82
70 87 94 57
71 79 5 74
72 95 49 62
72 2 3 55
73 9 47 72
73 9 94 57
73 46 2 79
73 46 14 86
74 93 42 56
75 89 22 94
75 89 10 96
75 36 25 44
76 14 27 69
76 94 70 48
77 44 45 88
77 44 96 71
77 38 25 50
77 38 78 47
78 47 4 75
78 47 30 74
79 50 94 57
80 29 48 56
80 0 19 64
80 0 9 90
81 47 39 17
81 94 91 9
81 94 22 79
81 46 99 81
81 46 76 94
81 32 40 98
82 38 18 82
82 38 49 60
82 74 59 64
82 74 60 18
83 11 27 82
83 23 97 43
83 69 20 64
84 33 26 64
84 33 97 92
84 25 2 87
84 90 21 96
84 90 25 6
84 99 81 46
85 46 47 82
85 46 13 99
85 24 45 88
85 24 2 71
86 15 97 92
87 82 27 85
87 40 4 55
87 54 84 99
87 54 97 30
87 88 48 56
87 88 48 0
88 50 97 76
88 35 28 65
88 3 99 94
89 91 49 84
89 91 49 78
89 7 34 43
90 11 2 73
90 76 55 46
90 76 7 6
90 80 49 63
90 80 85 46
90 80 18 50
90 80 27 85
90 93 17 49
90 93 97 57
91 9 15 56
91 9 2 79
91 9 44 52
92 1 33 87
92 55 27 85
93 5 16 72
93 5 49 88
93 5 98 27
93 5 15 79
93 6 79 50
93 6 21 15
93 6 20 64
94 77 65 39
94 77 83 11
94 77 97 57
94 77 15 37
94 57 40 98
94 57 25 50
94 57 68 42
94 29 34 26
94 29 27 85
94 29 26 93
94 29 61 13
95 69 91 9
95 69 6 57
95 69 22 79
95 69 75 36
95 0 39 74
95 0 6 83
95 0 1 26
96 51 9 86
96 51 93 5
96 51 5 28
96 71 99 50
96 71 15 56
96 71 23 39
96 71 16 55
96 25 7 6
96 25 84 33
96 83 30 74
96 83 26 40
96 83 98 73
97 92 5 28
97 92 28 65
97 57 49 78
97 57 41 91
97 57 13 87
97 57 98 27
97 76 60 18
97 76 3 64
97 76 19 65
97 84 70 87
97 84 93 5
97 84 90 80
97 55 39 74
97 43 47 57
97 43 99 24
97 30 41 80
97 30 49 69
97 30 96 71
97 30 12 96
97 6 28 2
97 6 49 59
97 6 54 67
98 73 97 92
98 73 91 9
98 73 99 94
98 86 59 64
98 86 20 64
98 27 46 79
98 27 97 55
98 27 34 43
99 94 9 90
99 6 27 69
49 69 38 33
77 38 38 33
59 47 38 33
30 1 38 33
19 64 38 33
92 55 38 33
49 84 38 33
88 3 49 58
38 33 49 58
63 44 49 58
24 5 49 58
46 56 0 90
59 47 0 90
44 52 0 90
1 86 0 90
42 56 0 90
49 68 30 74
62 14 30 74
66 82 30 74
64 86 30 74
28 65 30 74
39 74 30 74
30 74 46 56
86 15 46 56
51 73 46 56
99 50 46 56
21 96 46 56
27 85 46 56
48 56 0 73
20 64 0 73
96 25 0 73
99 94 48 56
75 89 48 56
73 9 48 56
44 80 48 56
37 18 48 56
30 73 1 86
13 87 1 86
45 25 1 86
94 29 1 86
82 74 30 73
62 46 30 73
89 91 30 73
65 39 30 73
2 87 30 73
5 28 30 73
41 61 1 61
36 87 1 61
47 82 1 61
99 94 1 61
13 99 1 61
54 39 41 61
89 91 41 61
97 55 41 61
5 28 41 61
41 91 1 23
49 68 1 23
49 99 41 91
65 16 41 91
80 0 41 91
57 33 41 91
42 56 41 91
43 27 1 26
37 18 1 26
92 1 1 26
53 52 39 74
99 24 39 74
50 73 39 74
1 23 39 74
39 74 43 27
76 94 43 27
84 90 43 27
82 74 43 27
97 6 43 27
27 69 1 51
14 75 1 51
87 40 27 69
49 77 27 69
96 51 27 69
10 96 27 69
62 46 27 69
29 84 2 71
47 72 2 71
83 23 28 56
97 84 28 56
66 82 28 56
97 6 28 56
9 86 28 56
28 56 29 84
59 64 29 84
91 9 29 84
0 90 29 84
36 87 29 84
41 80 2 79
70 87 2 79
60 18 41 80
92 55 41 80
63 77 41 80
97 43 41 80
3 64 41 80
46 5 2 87
33 11 2 87
77 44 46 5
63 77 46 5
50 73 46 5
19 97 46 5
4 55 46 5
38 92 2 73
51 73 2 73
90 76 38 92
70 87 38 92
99 50 38 92
24 54 38 92
43 64 3 64
19 65 3 64
87 40 43 64
67 83 43 64
84 90 43 64
5 6 43 64
47 72 3 55
2 79 3 55
6 39 3 55
49 78 47 72
49 95 47 72
62 46 47 72
2 87 47 72
10 44 47 72
38 10 3 33
13 98 3 33
39 17 3 33
62 14 38 10
88 35 38 10
97 6 38 10
95 0 38 10
37 18 38 10
31 0 3 61
34 26 3 61
67 83 31 0
92 1 31 0
62 46 31 0
70 48 31 0
22 94 31 0
42 74 4 55
33 98 4 55
89 91 4 55
90 76 42 74
76 14 42 74
88 35 42 74
52 14 42 74
44 80 4 97
49 62 4 97
90 76 4 97
53 52 44 80
65 39 44 80
72 95 44 80
17 49 44 80
17 54 44 80
47 57 4 75
27 85 4 75
49 62 47 57
81 94 47 57
97 92 47 57
7 6 47 57
37 18 47 57
39 96 5 94
13 98 5 94
81 32 39 96
59 64 39 96
90 80 39 96
34 81 39 96
3 55 39 96
39 17 5 74
21 94 5 74
49 66 39 17
70 48 39 17
88 35 39 17
84 33 39 17
49 53 5 28
80 29 5 28
77 38 49 56
69 93 49 56
76 14 49 56
94 57 49 56
33 11 49 56
25 44 49 56
98 27 49 53
49 56 49 53
80 0 49 53
9 90 49 53
45 93 5 6
63 44 5 6
47 57 5 6
49 61 45 93
90 93 45 93
84 33 45 93
99 46 45 93
96 71 45 93
64 86 49 61
99 6 49 61
97 76 49 61
94 57 49 61
57 33 49 61
98 86 49 61
34 81 6 57
6 83 6 57
13 99 6 57
79 50 34 81
73 9 34 81
90 80 34 81
12 54 34 81
29 93 6 81
49 62 6 81
97 92 6 81
36 76 29 93
49 66 29 93
51 73 29 93
49 53 29 93
49 61 29 93
76 94 36 76
87 88 36 76
84 99 36 76
55 46 36 76
70 87 36 76
47 82 36 76
40 98 6 83
11 73 6 83
80 29 6 83
49 99 40 98
49 68 40 98
66 82 40 98
87 40 40 98
18 57 40 98
45 88 6 39
42 56 6 39
97 92 45 88
81 94 45 88
80 29 45 88
10 96 45 88
12 96 45 88
42 56 7 56
52 14 7 56
83 11 42 56
54 67 42 56
53 52 42 56
38 33 42 56
35 29 7 90
1 23 7 90
49 88 7 90
49 60 35 29
99 24 35 29
93 5 35 29
98 73 35 29
26 93 35 29
41 61 35 29
89 91 49 60
84 33 49 60
97 76 49 60
15 63 49 60
10 96 49 60
45 58 7 6
12 51 7 6
81 46 45 58
65 16 45 58
52 45 45 58
49 68 45 58
31 0 45 58
44 76 8 90
59 47 8 90
49 95 44 76
80 0 44 76
68 42 44 76
81 94 44 76
53 52 44 76
37 73 8 80
84 25 8 80
53 52 37 73
49 51 37 73
82 38 37 73
76 94 37 73
85 24 37 73
24 5 37 73
81 32 37 73
59 64 41 98
81 47 41 98
49 77 41 98
81 32 41 98
25 44 41 98
41 98 49 51
80 29 49 51
16 91 49 51
66 82 49 51
48 59 8 49
40 67 8 49
49 89 8 49
63 44 48 59
94 77 48 59
88 50 48 59
24 5 48 59
37 18 9 86
2 71 9 86
98 86 33 98
30 73 33 98
33 98 37 18
61 13 37 18
84 90 37 18
56 99 37 18
59 64 37 18
65 16 37 18
80 29 37 18
48 0 9 90
62 46 9 90
83 23 9 90
61 13 48 0
97 57 48 0
97 84 48 0
99 6 48 0
20 64 48 0
49 52 9 23
18 82 9 23
29 93 9 23
49 66 49 52
97 43 49 52
85 46 49 52
41 91 49 52
29 90 9 60
94 77 9 60
5 6 9 60
31 72 29 90
49 69 29 90
49 62 29 90
49 60 29 90
80 0 31 72
99 50 31 72
73 9 31 72
90 80 31 72
39 17 31 72
46 79 10 96
23 39 10 96
49 88 46 79
80 0 46 79
92 1 46 79
90 76 46 79
99 81 46 79
49 70 49 88
89 7 49 88
97 43 49 88
10 44 49 88
42 67 10 75
87 88 10 75
19 97 10 75
99 50 42 67
83 11 42 67
99 6 42 67
47 72 42 67
17 54 42 67
35 63 10 80
36 85 10 80
32 86 10 80
75 36 35 63
99 24 35 63
49 70 35 63
8 80 35 63
29 75 10 44
17 95 10 44
45 88 10 44
81 94 29 75
71 79 29 75
99 6 29 75
34 43 29 75
26 40 29 75
40 59 11 73
15 56 11 73
5 94 11 73
49 74 40 59
62 14 40 59
49 66 40 59
9 60 40 59
84 99 40 59
32 76 11 99
97 84 11 99
31 72 11 99
89 7 32 76
81 46 32 76
63 44 32 76
83 23 32 76
37 97 11 64
4 97 11 64
4 55 11 64
62 14 32 86
93 5 32 86
74 93 32 86
49 69 32 86
31 68 32 86
19 97 32 86
32 86 37 97
70 87 37 97
81 46 37 97
28 65 37 97
34 26 12 96
2 87 12 96
54 39 12 96
90 80 34 26
87 40 34 26
49 69 34 26
5 28 34 26
35 83 12 51
45 88 12 51
0 90 12 51
43 59 35 83
49 76 35 83
90 80 35 83
66 82 35 83
59 47 43 59
99 81 43 59
94 57 43 59
80 29 43 59
99 46 43 59
28 2 12 54
31 68 12 54
37 18 12 54
81 47 28 2
49 84 28 2
49 74 28 2
92 55 28 2
36 85 13 98
53 52 13 98
49 63 33 87
97 57 33 87
87 82 33 87
34 81 33 87
80 29 36 85
33 87 36 85
99 81 36 85
52 14 36 85
49 78 36 85
44 80 36 85
59 64 13 87
94 77 13 87
38 10 13 87
87 54 13 64
50 73 13 64
29 75 13 64
27 69 13 64
32 34 13 99
59 47 13 99
40 67 13 99
49 66 32 34
87 88 32 34
60 18 32 34
49 82 32 34
84 33 14 75
51 73 14 75
47 57 14 75
95 0 14 86
49 89 14 86
84 99 14 86
49 74 14 10
82 38 14 10
99 6 14 10
98 86 14 93
49 82 14 93
76 94 14 93
60 18 15 79
50 73 15 79
19 97 15 79
49 82 15 79
28 65 15 56
29 90 15 56
96 51 28 65
90 80 28 65
93 6 28 65
49 51 28 65
62 14 15 63
76 94 15 63
42 56 15 63
30 1 15 37
2 79 15 37
37 46 30 1
61 13 30 1
59 64 30 1
94 77 30 1
81 94 37 46
83 23 37 46
89 7 37 46
63 77 37 46
1 26 37 46
44 52 16 91
15 79 16 91
80 29 44 52
79 50 44 52
90 11 44 52
36 76 44 52
30 1 44 52
31 68 16 72
21 15 16 72
62 14 16 72
94 29 31 68
70 87 31 68
63 44 31 68
11 64 31 68
66 82 16 49
74 93 16 49
15 37 16 49
35 29 16 49
96 25 16 55
85 46 16 55
11 73 16 55
89 91 16 55
45 25 17 54
1 23 17 54
61 13 36 87
79 50 36 87
60 18 36 87
82 74 36 87
66 82 45 25
36 87 45 25
62 14 45 25
91 9 45 25
90 76 45 25
33 98 45 25
29 93 45 25
27 82 17 95
13 87 17 95
60 18 27 82
62 14 27 82
78 47 27 82
35 83 27 82
72 95 17 49
91 9 17 49
77 44 17 49
99 24 17 49
73 46 18 79
84 33 18 79
5 74 18 79
49 82 18 82
97 43 18 82
20 97 18 82
97 30 18 82
34 61 18 50
5 28 18 50
99 81 34 61
97 84 34 61
59 64 34 61
22 79 34 61
84 33 18 57
90 93 18 57
96 51 18 57
29 90 18 57
39 90 19 65
38 33 19 65
27 85 19 65
87 82 39 90
99 46 39 90
94 29 39 90
16 55 39 90
73 9 39 90
74 93 19 97
94 77 19 97
73 46 19 97
49 53 19 97
73 9 19 64
93 5 19 64
16 55 19 64
40 59 19 64
49 70 20 86
89 7 20 86
5 94 20 86
49 82 20 86
62 14 20 97
63 44 20 97
9 60 20 97
9 90 20 97
88 35 20 53
99 46 20 53
62 46 20 53
75 36 20 53
50 73 20 64
59 64 20 64
85 24 20 64
49 84 21 96
55 46 21 96
73 9 21 96
4 75 21 96
79 50 21 67
99 81 21 67
6 81 21 67
59 64 21 94
99 46 21 94
59 47 21 94
97 55 21 15
51 73 21 15
28 56 21 15
30 74 21 15
47 82 22 79
15 37 22 79
32 34 22 79
88 35 47 82
49 63 47 82
70 87 47 82
21 94 47 82
33 11 22 94
98 27 22 94
13 87 22 94
67 83 33 11
50 73 33 11
49 63 33 11
15 56 33 11
34 43 22 49
49 66 22 49
49 59 22 49
49 59 34 43
76 14 34 43
87 88 34 43
87 40 34 43
10 80 34 43
93 6 23 80
76 94 23 80
41 91 23 80
28 65 23 80
40 67 23 97
65 39 23 97
75 36 23 97
62 46 40 67
80 29 40 67
93 6 40 67
7 56 40 67
49 84 23 39
64 86 23 39
49 59 23 39
49 76 24 73
70 48 24 73
99 6 24 73
17 54 24 73
66 82 24 78
97 76 24 78
99 81 24 78
38 50 24 5
19 64 24 5
25 50 24 5
69 93 38 50
84 25 38 50
96 71 38 50
49 61 38 50
17 95 38 50
69 93 24 54
88 50 24 54
20 97 24 54
50 73 24 54
50 73 25 50
87 88 25 50
45 25 25 50
97 43 25 50
85 24 25 75
82 38 25 75
45 58 25 75
70 87 25 6
49 70 25 6
4 55 25 6
70 48 25 6
97 57 25 44
52 45 25 44
4 97 25 44
34 81 25 44
49 70 26 64
72 2 26 64
97 30 26 64
90 11 26 64
87 82 26 93
62 46 26 93
34 81 26 93
89 91 26 93
56 99 26 40
90 80 26 40
99 46 27 85
75 89 27 85
49 95 27 90
63 77 27 90
49 68 27 90
49 77 27 90
49 89 27 90
51 73 27 90
52 45 27 90
52 14 27 90
54 67 27 90
55 46 27 90
57 33 27 90
58 50 27 90
65 39 27 90
65 16 27 90
68 42 27 90
71 79 27 90
72 2 27 90
75 89 27 90
76 14 27 90
76 94 27 90
77 38 27 90
78 47 27 90
82 38 27 90
83 69 27 90
84 25 27 90
84 90 27 90
85 46 27 90
86 15 27 90
87 88 27 90
88 50 27 90
88 3 27 90
90 11 27 90
90 93 27 90
91 9 27 90
92 1 27 90
92 55 27 90
93 5 27 90
94 77 27 90
94 57 27 90
95 69 27 90
96 71 27 90
96 83 27 90
97 76 27 90
97 84 27 90
97 43 27 90
97 30 27 90
97 6 27 90
98 73 27 90
98 27 27 90
99 6 27 90
99 24 27 90
1 26 57 33
97 55 58 50
99 6 58 50
5 6 59 64
21 15 59 64
91 9 59 47
44 52 60 18
18 82 60 18
87 40 61 13
25 6 61 13
49 95 62 46
28 2 62 14
97 43 63 44
34 26 63 44
31 68 63 77
36 76 64 86
95 0 65 39
59 64 65 39
18 50 65 16
72 2 65 16
32 86 66 82
49 63 67 83
36 76 67 83
14 10 68 42
62 14 69 93
99 46 69 93
48 0 70 48
66 82 70 48
94 57 70 87
5 74 71 79
49 62 72 95
3 55 72 2
47 72 73 9
94 57 73 9
2 79 73 46
14 86 73 46
42 56 74 93
22 94 75 89
10 96 75 89
25 44 75 36
27 69 76 14
70 48 76 94
45 88 77 44
96 71 77 44
25 50 77 38
78 47 77 38
4 75 78 47
30 74 78 47
94 57 79 50
48 56 80 29
19 64 80 0
9 90 80 0
39 17 81 47
91 9 81 94
22 79 81 94
99 81 81 46
76 94 81 46
40 98 81 32
18 82 82 38
49 60 82 38
59 64 82 74
60 18 82 74
27 82 83 11
97 43 83 23
20 64 83 69
26 64 84 33
97 92 84 33
2 87 84 25
21 96 84 90
25 6 84 90
81 46 84 99
47 82 85 46
13 99 85 46
45 88 85 24
2 71 85 24
97 92 86 15
27 85 87 82
4 55 87 40
84 99 87 54
97 30 87 54
48 56 87 88
48 0 87 88
97 76 88 50
28 65 88 35
99 94 88 3
49 84 89 91
49 78 89 91
34 43 89 7
2 73 90 11
55 46 90 76
7 6 90 76
49 63 90 80
85 46 90 80
18 50 90 80
27 85 90 80
17 49 90 93
97 57 90 93
15 56 91 9
2 79 91 9
44 52 91 9
33 87 92 1
27 85 92 55
16 72 93 5
49 88 93 5
98 27 93 5
15 79 93 5
79 50 93 6
21 15 93 6
20 64 93 6
65 39 94 77
83 11 94 77
97 57 94 77
15 37 94 77
40 98 94 57
25 50 94 57
68 42 94 57
34 26 94 29
27 85 94 29
26 93 94 29
61 13 94 29
91 9 95 69
6 57 95 69
22 79 95 69
75 36 95 69
39 74 95 0
6 83 95 0
1 26 95 0
9 86 96 51
93 5 96 51
5 28 96 51
99 50 96 71
15 56 96 71
23 39 96 71
16 55 96 71
7 6 96 25
84 33 96 25
30 74 96 83
26 40 96 83
98 73 96 83
5 28 97 92
28 65 97 92
49 78 97 57
41 91 97 57
13 87 97 57
98 27 97 57
60 18 97 76
3 64 97 76
19 65 97 76
70 87 97 84
93 5 97 84
90 80 97 84
39 74 97 55
47 57 97 43
99 24 97 43
41 80 97 30
49 69 97 30
96 71 97 30
12 96 97 30
28 2 97 6
49 59 97 6
54 67 97 6
97 92 98 73
91 9 98 73
99 94 98 73
59 64 98 86
20 64 98 86
46 79 98 27
97 55 98 27
34 43 98 27
9 90 99 94
27 69 99 6