100
500
2495
0 94 197
0 90 221
0 73 31
1 86 11
1 61 37
1 23 173
1 26 200
1 51 59
1 97 242
1 48 79
1 25 123
1 65 99
2 72 38
2 53 249
2 32 137
2 57 42
2 21 223
2 56 143
3 72 50
3 66 58
3 23 244
4 88 195
4 87 214
4 93 131
4 62 196
4 23 50
4 78 107
4 91 36
5 72 112
5 82 111
5 21 102
5 61 100
6 53 222
6 79 16
6 11 176
6 93 186
6 59 151
6 21 25
7 86 115
7 90 14
7 23 170
7 60 5
7 12 84
7 69 192
7 28 148
7 9 156
8 84 8
8 67 106
8 76 237
8 57 130
8 98 34
8 82 117
8 60 76
8 3 104
8 81 158
9 92 64
9 86 60
9 98 140
9 10 242
9 2 68
10 74 204
10 72 199
10 44 164
11 62 121
11 75 48
11 42 35
11 56 182
12 60 215
12 61 48
12 76 166
12 3 129
12 49 248
12 8 110
12 29 4
12 80 151
12 6 205
12 64 164
13 83 8
13 63 130
13 62 23
13 3 113
13 38 184
13 97 77
14 89 122
14 84 146
14 65 234
14 83 123
14 52 179
14 95 175
14 73 133
15 73 210
15 55 236
15 95 247
16 53 190
16 78 208
16 58 128
17 81 33
17 64 181
17 46 66
17 25 10
17 67 150
17 33 118
18 75 33
18 92 23
18 6 165
18 65 123
19 83 109
19 78 26
19 53 168
19 89 0
19 6 160
19 77 225
20 64 209
20 93 240
20 40 142
20 15 75
20 8 67
20 72 59
20 70 20
21 93 37
21 92 47
21 98 218
22 67 128
22 61 152
22 11 170
22 77 28
23 93 200
23 66 236
23 16 235
23 11 133
23 37 39
24 57 199
24 69 49
24 84 59
24 52 199
24 86 202
24 36 227
24 26 181
24 81 172
25 92 186
25 51 148
25 68 182
25 39 87
25 48 12
25 21 140
25 38 202
25 57 118
26 62 194
26 74 146
26 96 228
26 78 145
26 36 13
26 56 149
26 27 131
27 85 3
27 87 107
27 76 235
28 97 135
28 73 97
28 46 178
28 18 19
28 50 74
28 61 188
29 82 90
29 92 210
29 90 93
30 94 43
30 67 209
30 45 120
30 95 59
31 95 214
31 52 25
31 35 158
31 19 50
31 97 174
31 59 249
32 84 184
32 80 51
32 54 109
32 46 199
32 89 237
32 16 31
32 57 34
33 80 139
33 70 211
33 25 76
33 45 93
33 53 129
33 91 73
33 37 60
34 93 202
34 88 218
34 25 202
34 58 213
35 56 98
35 79 225
35 5 181
35 49 231
35 1 44
36 53 89
36 63 244
36 56 107
36 44 38
36 20 6
36 40 140
36 23 235
37 56 247
37 88 148
37 83 212
37 10 240
37 9 111
38 86 187
38 78 100
38 50 149
38 61 90
39 68 204
39 50 231
39 85 103
39 81 49
39 47 209
39 4 152
39 80 5
39 5 149
40 87 235
40 51 86
40 90 32
41 88 211
41 79 112
41 80 165
41 96 71
42 92 205
42 74 200
42 21 162
42 32 234
42 36 141
42 58 95
43 84 137
43 65 210
43 66 176
43 96 238
43 13 244
43 95 30
43 47 85
43 36 58
44 79 96
44 96 188
44 41 223
44 60 116
44 5 159
44 76 212
45 71 179
45 83 19
45 92 128
45 58 29
45 14 81
45 31 191
45 46 245
45 76 54
46 84 219
46 88 226
46 96 184
46 85 174
46 66 128
46 79 1
46 78 247
47 99 125
47 80 200
47 73 225
47 50 100
47 3 191
48 68 180
48 57 148
48 41 122
48 74 190
48 38 150
48 64 91
48 58 209
49 60 108
49 74 171
49 50 133
49 51 219
49 52 236
49 54 27
49 55 216
49 58 208
49 59 169
49 61 218
49 63 112
49 65 239
49 66 59
49 69 171
49 70 219
49 76 180
49 77 204
49 78 174
49 90 12
49 91 36
49 96 201
49 98 68
49 26 24
49 36 27
49 13 214
49 6 216
49 10 86
49 11 123
50 12 243
50 64 104
50 11 103
50 83 39
51 87 61
52 56 202
52 80 59
52 84 100
52 57 241
52 16 9
53 91 152
53 66 4
53 10 14
53 72 61
54 24 160
54 85 77
54 88 85
55 83 132
55 62 249
55 13 182
56 13 18
56 92 50
57 9 107
57 46 120
57 66 177
57 73 27
57 13 89
57 45 126
58 6 242
58 0 90
58 40 114
59 58 45
59 29 42
60 95 174
61 79 52
61 42 77
61 16 58
61 11 179
62 56 84
62 10 245
63 97 87
63 84 4
64 32 166
64 15 230
64 19 149
65 66 185
65 39 43
65 94 96
66 36 243
66 82 6
66 98 132
66 97 88
66 54 97
67 62 8
67 18 6
68 13 82
68 95 76
68 37 19
68 31 214
68 83 135
69 76 145
69 98 153
69 39 122
69 59 153
69 70 159
70 13 31
70 75 152
70 57 129
70 7 49
71 40 11
71 96 194
71 80 103
71 63 160
71 89 52
72 73 44
72 67 219
72 13 229
72 71 0
72 21 51
72 52 29
73 3 102
74 46 198
75 57 190
75 53 166
75 26 60
75 48 77
75 88 229
76 40 219
76 3 125
77 74 219
77 76 178
79 89 215
79 23 200
79 36 66
79 24 50
79 97 237
79 65 207
80 86 25
80 20 61
80 76 156
80 19 126
80 75 112
80 97 225
81 59 90
81 68 115
81 90 157
82 54 39
82 40 159
82 81 101
83 54 153
83 1 74
83 63 163
83 34 71
83 2 3
83 17 207
83 7 53
84 4 168
85 0 96
85 23 197
85 83 64
85 93 146
86 20 174
86 65 187
86 19 113
86 46 40
87 23 35
88 45 239
88 89 69
88 65 74
88 99 167
88 49 175
88 95 224
88 21 237
88 91 248
89 87 95
89 43 144
89 52 119
90 48 234
90 80 81
90 33 122
91 73 4
91 19 140
91 50 102
91 76 9
91 86 35
91 7 163
91 43 133
91 95 9
91 3 124
92 2 3
93 3 74
93 2 174
94 37 198
94 68 128
94 91 202
94 12 213
94 35 222
94 9 78
94 99 76
94 2 142
94 95 192
94 80 144
94 51 31
95 7 51
95 78 1
95 5 245
95 10 91
95 1 152
95 70 107
96 73 88
96 61 88
96 33 71
96 56 66
96 12 20
96 0 190
96 91 78
96 79 166
96 36 98
97 75 149
97 19 160
97 4 5
97 87 13
97 53 195
98 97 73
98 13 97
98 76 40
98 10 96
98 30 19
98 56 231
99 90 26
99 26 33
99 25 220
99 89 208
99 97 126
99 34 223
0 94 37 56
0 94 24 36
0 94 6 93
0 94 24 81
0 94 49 36
0 94 53 10
0 94 40 90
0 94 20 64
37 56 79 65
37 56 69 59
37 56 81 90
37 56 48 58
37 56 72 21
0 90 46 96
0 90 13 97
0 90 3 72
0 90 33 70
0 90 20 70
0 90 49 91
0 90 5 21
0 90 67 62
0 90 29 82
46 96 82 40
46 96 96 79
46 96 56 92
46 96 80 19
46 96 52 84
46 96 33 53
46 96 22 67
0 73 49 55
0 73 19 78
0 73 1 65
0 73 75 48
0 73 45 71
0 73 91 7
0 73 26 78
49 55 54 88
49 55 70 7
49 55 82 54
49 55 39 68
49 55 24 52
1 86 46 66
1 86 52 80
1 86 72 71
1 86 95 5
1 86 68 83
1 86 23 37
1 86 97 53
1 86 25 38
1 86 79 89
46 66 90 48
46 66 63 84
46 66 69 39
46 66 49 61
46 66 63 97
46 66 23 11
46 66 12 61
1 61 50 64
1 61 80 76
1 61 6 93
1 61 3 66
50 64 99 25
50 64 65 94
50 64 66 82
50 64 1 65
50 64 91 3
1 23 49 90
1 23 48 41
1 23 99 89
1 23 66 98
49 90 68 31
49 90 79 24
49 90 99 89
49 90 76 40
49 90 95 5
49 90 28 73
1 26 49 96
1 26 66 36
1 26 49 50
1 26 18 92
49 96 59 29
49 96 66 98
49 96 85 0
49 96 26 27
49 96 58 0
49 96 72 73
49 96 4 93
1 51 36 20
1 51 98 10
1 51 25 57
1 51 46 66
1 51 61 79
36 20 91 50
36 20 83 54
36 20 76 40
36 20 52 84
36 20 69 59
36 20 55 62
36 20 33 53
36 20 83 1
36 20 32 84
36 20 28 61
36 20 13 62
1 97 52 80
1 97 25 21
1 97 46 78
1 97 26 62
52 80 95 78
52 80 68 95
52 80 88 45
52 80 0 94
52 80 94 37
52 80 96 91
52 80 94 95
52 80 88 89
52 80 98 10
52 80 49 63
1 48 49 6
1 48 91 7
1 48 80 19
1 48 20 72
1 48 27 87
1 48 77 76
1 48 93 3
49 6 68 31
49 6 77 74
49 6 80 86
49 6 69 39
49 6 18 6
49 6 19 83
49 6 98 97
49 6 28 50
49 6 99 90
1 25 46 88
1 25 27 85
46 88 68 95
46 88 82 40
46 88 90 48
46 88 34 25
46 88 7 69
46 88 62 10
46 88 42 32
46 88 84 4
46 88 96 61
46 88 38 50
1 65 39 85
1 65 56 92
1 65 62 10
1 65 36 63
1 65 42 58
1 65 55 13
1 65 16 78
39 85 95 1
39 85 79 23
39 85 72 73
39 85 71 40
39 85 13 38
39 85 90 48
39 85 49 78
39 85 7 28
2 72 49 52
2 72 75 53
49 52 95 70
49 52 61 42
49 52 99 97
49 52 75 48
49 52 50 12
49 52 7 69
49 52 60 95
49 52 31 19
49 52 98 13
49 52 96 0
2 53 37 10
2 53 46 84
2 53 41 80
2 53 11 56
2 53 26 96
2 53 28 73
2 53 36 23
37 10 95 10
37 10 96 91
37 10 91 50
37 10 39 4
37 10 0 94
37 10 49 61
37 10 67 62
37 10 34 93
37 10 18 92
2 32 43 36
2 32 6 21
2 32 30 95
43 36 72 52
43 36 95 5
43 36 80 75
43 36 75 88
43 36 2 57
43 36 2 56
43 36 21 92
43 36 94 99
43 36 85 23
2 57 36 63
2 57 24 84
36 63 77 74
36 63 68 95
36 63 71 80
36 63 52 57
36 63 19 78
36 63 72 67
36 63 28 97
2 21 49 60
2 21 86 46
2 21 55 13
2 21 29 82
49 60 94 51
49 60 69 98
49 60 99 25
49 60 55 83
49 60 83 2
2 56 49 69
2 56 94 95
2 56 74 46
2 56 26 74
41 88 71 96
41 88 72 73
41 88 83 1
41 88 8 82
41 88 66 36
41 88 24 26
47 3 70 57
47 3 41 88
47 3 63 84
47 3 88 89
47 3 80 97
47 3 97 87
47 3 12 64
47 3 35 49
47 3 88 65
47 3 95 10
49 69 47 3
49 69 71 80
49 69 55 62
49 69 83 7
49 69 81 90
49 69 49 91
49 69 9 86
49 69 57 13
49 69 57 73
3 72 48 74
3 72 44 79
3 72 12 61
3 72 7 69
3 72 1 97
3 72 57 73
3 72 49 60
48 74 65 39
48 74 86 19
48 74 88 95
48 74 91 43
48 74 63 84
3 66 45 92
3 66 49 65
3 66 83 7
3 66 66 36
3 66 28 46
3 66 44 60
45 92 96 36
45 92 91 7
45 92 68 13
45 92 49 76
45 92 49 54
45 92 88 45
45 92 42 74
3 23 48 58
3 23 40 87
3 23 96 33
48 58 91 43
48 58 72 52
48 58 68 37
48 58 13 62
4 88 49 63
4 88 29 92
4 88 23 37
4 88 96 91
4 88 11 75
4 88 95 7
49 63 85 83
49 63 80 75
49 63 70 57
49 63 62 10
49 63 3 72
49 63 31 97
49 63 81 90
4 87 51 87
4 87 95 1
4 87 32 84
51 87 82 54
51 87 95 70
51 87 97 75
51 87 65 39
51 87 12 29
51 87 73 3
51 87 72 21
51 87 49 78
51 87 83 54
4 93 53 10
4 93 55 62
4 93 24 86
4 93 45 71
53 10 80 86
53 10 81 68
53 10 91 95
53 10 89 43
53 10 94 95
53 10 12 8
53 10 2 32
53 10 82 81
53 10 62 10
4 62 42 92
4 62 98 56
4 62 94 91
4 62 28 73
4 62 88 49
4 62 24 86
42 92 45 46
42 92 88 99
42 92 95 7
42 92 91 7
42 92 91 73
42 92 76 40
42 92 25 92
42 92 1 51
45 46 86 20
45 46 90 33
45 46 6 79
4 23 47 50
4 23 91 3
4 23 97 87
4 23 45 71
4 23 31 59
4 23 70 75
4 23 68 13
43 65 54 85
43 65 74 46
43 65 98 10
43 65 79 23
43 65 90 80
43 65 70 57
43 65 12 76
43 65 96 61
47 50 43 65
47 50 81 59
47 50 83 34
47 50 95 78
47 50 43 66
47 50 32 54
4 78 46 79
4 78 41 79
4 78 20 72
4 78 79 65
4 78 79 36
4 78 80 19
4 78 99 26
42 58 98 97
42 58 80 75
42 58 98 13
42 58 90 80
42 58 31 19
42 58 69 39
42 58 96 12
42 58 24 81
42 58 41 96
42 58 0 73
46 79 42 58
46 79 91 73
46 79 70 57
46 79 39 68
46 79 15 55
46 79 77 76
46 79 0 73
46 79 49 69
46 79 48 74
4 91 44 79
4 91 1 65
4 91 52 56
4 91 96 56
44 79 75 88
44 79 94 95
44 79 67 62
44 79 49 65
44 79 57 45
44 79 77 76
5 72 47 80
5 72 26 36
5 72 22 77
5 72 30 67
5 72 94 68
5 72 99 90
47 80 83 7
47 80 62 10
47 80 54 85
47 80 91 7
47 80 31 59
47 80 24 26
47 80 72 21
5 82 47 99
5 82 54 24
5 82 1 23
5 82 20 64
5 82 68 13
5 82 24 52
47 99 91 19
47 99 70 57
47 99 99 90
47 99 4 62
5 21 49 98
5 21 73 3
5 21 97 4
5 21 45 83
5 21 98 13
5 21 6 59
49 98 50 11
49 98 66 36
49 98 96 61
49 98 30 67
49 98 64 32
49 98 14 73
49 98 56 92
49 98 4 91
50 11 69 39
50 11 91 19
50 11 96 12
50 11 56 13
50 11 0 90
50 11 86 20
50 11 33 45
5 61 49 54
5 61 56 13
49 54 94 12
49 54 72 73
49 54 88 89
49 54 98 97
6 53 49 78
6 53 31 35
6 53 62 56
6 53 99 90
6 53 49 76
6 53 20 93
49 78 68 13
49 78 88 45
49 78 81 68
49 78 79 36
49 78 28 97
6 79 44 96
6 79 66 54
44 96 94 9
44 96 95 7
44 96 94 2
44 96 54 24
44 96 28 61
44 96 26 27
6 11 43 84
6 11 49 6
43 84 53 72
43 84 67 62
43 84 56 13
43 84 80 20
43 84 10 74
43 84 8 57
43 84 42 58
53 72 72 71
53 72 91 50
53 72 66 82
53 72 23 66
53 72 36 63
53 72 97 75
53 72 49 69
53 72 98 30
6 93 44 5
6 93 85 93
44 5 91 86
44 5 95 7
44 5 71 89
44 5 69 59
44 5 39 85
44 5 83 54
44 5 54 88
6 59 49 66
6 59 49 11
6 59 49 63
6 59 40 90
6 59 80 75
6 59 12 29
49 66 69 70
49 66 83 1
49 66 90 33
49 66 94 91
49 66 11 62
49 66 48 41
6 21 40 90
6 21 91 19
6 21 94 99
6 21 46 85
6 21 11 42
40 90 95 5
40 90 71 40
40 90 71 89
40 90 46 66
40 90 14 89
7 86 42 32
7 86 10 74
7 86 95 1
7 86 99 90
7 86 70 57
7 86 55 62
7 86 50 12
42 32 45 58
42 32 82 40
42 32 60 95
42 32 85 93
42 32 59 58
42 32 48 57
45 58 61 16
45 58 90 80
45 58 74 46
45 58 42 36
45 58 20 8
45 58 47 3
7 90 48 68
7 90 94 80
7 90 4 87
7 90 82 81
7 90 13 97
48 68 97 75
48 68 95 78
48 68 99 25
48 68 18 75
48 68 94 12
48 68 45 83
48 68 55 62
48 68 3 23
48 68 44 79
7 23 37 9
7 23 12 6
7 23 5 21
7 23 18 75
7 23 63 84
7 23 43 47
7 23 66 98
37 9 38 50
37 9 90 33
37 9 97 87
37 9 61 11
37 9 7 90
37 9 94 99
37 9 14 65
37 9 32 16
38 50 63 84
38 50 97 75
38 50 57 66
38 50 28 50
38 50 61 79
38 50 88 99
38 50 2 21
7 60 52 84
7 60 53 72
52 84 81 59
52 84 65 66
52 84 59 29
52 84 36 40
7 12 43 47
7 12 3 66
7 12 33 70
7 12 28 97
7 12 43 84
7 12 97 4
7 12 94 51
43 47 98 97
43 47 84 4
43 47 58 40
43 47 20 70
43 47 6 59
43 47 99 25
43 47 44 41
43 47 13 38
7 69 38 78
7 69 49 10
7 69 85 83
7 69 97 19
38 78 94 35
38 78 73 3
38 78 75 88
38 78 30 94
38 78 37 88
38 78 39 80
7 28 43 95
7 28 4 93
7 28 25 38
36 23 72 52
36 23 95 7
36 23 43 47
36 23 75 26
43 95 36 23
43 95 91 73
43 95 79 89
43 95 94 99
43 95 77 74
43 95 13 83
43 95 35 56
43 95 28 73
43 95 16 53
43 95 95 10
7 9 45 14
7 9 93 3
7 9 79 24
7 9 58 40
7 9 69 59
7 9 97 4
45 14 62 56
45 14 99 97
45 14 73 3
45 14 91 7
45 14 31 52
8 84 37 88
8 84 45 71
8 84 39 80
8 84 82 54
8 84 43 36
8 84 48 68
8 84 11 42
37 88 48 41
37 88 69 76
37 88 62 56
37 88 79 97
37 88 67 18
48 41 89 52
48 41 82 81
48 41 96 56
48 41 15 55
48 41 38 61
48 41 94 37
8 67 49 51
8 67 37 83
49 51 96 12
49 51 94 99
49 51 58 40
49 51 76 40
8 76 48 38
8 76 26 56
8 76 66 54
48 38 49 36
48 38 96 79
48 38 66 82
48 38 67 62
48 38 25 68
48 38 2 72
49 36 94 37
49 36 98 76
49 36 81 59
49 36 19 89
49 36 39 81
49 36 23 66
49 36 85 23
49 36 94 2
8 57 37 83
8 57 9 10
37 83 88 45
37 83 85 0
37 83 90 33
37 83 47 3
8 98 48 57
8 98 6 11
8 98 74 46
8 98 34 88
8 98 40 87
48 57 74 46
48 57 83 2
48 57 94 91
48 57 71 80
48 57 17 25
48 57 96 12
48 57 47 3
48 57 33 53
48 57 45 76
8 82 53 91
8 82 53 66
8 82 26 96
53 91 64 19
53 91 79 24
53 91 90 80
53 91 37 10
53 91 77 76
53 91 47 73
53 91 46 79
53 91 10 72
53 91 49 61
8 60 46 84
8 60 96 73
8 60 31 52
8 60 83 2
8 60 29 90
8 60 91 73
8 60 24 81
39 47 81 68
39 47 75 53
39 47 66 54
39 47 95 70
39 47 1 97
39 47 21 92
39 47 91 86
46 84 39 47
46 84 77 74
46 84 94 99
46 84 38 78
46 84 79 89
46 84 33 45
46 84 90 80
8 3 38 61
8 3 8 84
8 3 18 6
38 61 98 30
38 61 96 79
38 61 96 0
38 61 69 39
38 61 98 10
38 61 97 4
38 61 86 19
38 61 26 78
8 81 39 5
8 81 25 21
8 81 97 87
8 81 96 33
8 81 49 6
8 81 26 27
39 5 88 91
39 5 72 52
39 5 76 3
39 5 49 51
39 5 43 66
39 5 3 23
39 5 80 76
9 92 50 83
9 92 53 72
9 92 35 5
9 92 88 45
9 92 42 92
50 83 59 58
50 83 80 75
50 83 96 0
50 83 34 93
50 83 46 79
9 86 49 58
9 86 18 75
9 86 5 82
9 86 3 72
9 86 45 71
9 86 95 78
9 86 99 97
49 58 98 97
49 58 64 19
49 58 94 12
49 58 18 92
9 98 45 76
9 98 60 95
45 76 91 3
45 76 93 2
45 76 95 70
45 76 79 97
45 76 23 11
9 10 49 10
9 10 31 35
9 10 13 97
9 10 71 40
9 10 68 95
9 10 24 69
9 10 53 66
49 10 68 13
49 10 61 42
49 10 88 45
49 10 32 57
49 10 80 19
49 10 47 99
49 10 62 10
9 2 45 83
9 2 21 98
9 2 19 83
9 2 98 10
9 2 8 76
9 2 48 74
9 2 73 3
41 80 96 0
41 80 94 35
41 80 58 40
41 80 62 10
41 80 66 98
41 80 24 84
45 83 41 80
45 83 86 65
45 83 56 92
45 83 14 73
45 83 46 96
45 83 33 45
45 83 2 53
10 74 49 76
10 74 32 16
10 74 44 60
10 74 29 82
10 74 45 76
10 74 99 34
10 74 89 43
49 76 83 1
49 76 81 59
49 76 84 4
49 76 49 61
49 76 48 74
49 76 45 76
49 76 31 35
49 76 45 46
10 72 49 26
10 72 68 13
10 72 24 26
10 72 59 29
10 72 25 51
10 72 79 23
10 72 6 53
49 26 79 36
49 26 60 95
49 26 94 9
49 26 76 40
49 26 13 38
49 26 46 88
10 44 41 79
10 44 53 66
10 44 37 10
10 44 88 91
41 79 54 24
41 79 67 18
41 79 47 80
41 79 68 13
54 24 97 53
54 24 94 12
54 24 81 68
54 24 65 94
54 24 64 32
54 24 5 21
54 24 25 51
54 24 58 0
54 24 27 85
11 62 44 41
11 62 26 96
11 62 81 59
11 62 50 11
11 62 52 80
44 41 75 48
44 41 57 13
44 41 80 75
44 41 9 10
44 41 68 13
11 75 38 86
11 75 31 52
11 75 49 26
11 75 75 26
38 86 99 25
38 86 70 13
38 86 61 42
38 86 97 75
38 86 20 40
38 86 73 3
11 42 52 57
11 42 72 52
11 42 57 46
11 42 68 83
11 42 47 3
11 42 98 10
52 57 76 3
52 57 57 46
52 57 95 1
52 57 94 91
52 57 7 23
52 57 61 79
52 57 94 9
52 57 49 60
11 56 50 12
11 56 98 56
11 56 31 35
11 56 91 43
50 12 61 11
50 12 93 2
50 12 94 9
50 12 16 78
50 12 99 25
50 12 44 5
50 12 36 53
50 12 25 51
12 60 49 91
12 60 12 29
12 60 24 86
12 60 33 91
12 60 44 60
12 60 49 51
12 60 8 84
49 91 64 32
49 91 72 52
49 91 88 49
49 91 47 3
49 91 26 56
49 91 66 82
49 91 83 7
12 61 49 13
12 61 32 57
49 13 94 91
49 13 90 33
49 13 57 73
49 13 31 95
49 13 49 70
49 13 95 10
49 13 91 76
12 76 47 73
12 76 99 25
12 76 20 72
12 76 91 76
47 73 88 49
47 73 70 57
47 73 79 24
47 73 28 73
47 73 45 46
47 73 10 74
12 3 45 31
12 3 23 93
12 3 35 1
12 3 69 98
12 3 26 78
39 4 60 95
39 4 99 26
39 4 91 50
39 4 96 61
39 4 81 90
39 4 67 18
39 4 14 52
45 31 39 4
45 31 91 19
45 31 55 13
45 31 98 13
45 31 36 20
45 31 42 74
45 31 5 82
45 31 56 92
12 49 49 50
12 49 13 83
12 49 23 11
12 49 4 91
49 50 82 81
49 50 58 0
49 50 93 3
49 50 12 61
12 8 91 73
12 8 57 9
12 8 52 56
12 8 91 7
12 8 27 76
12 8 49 6
12 8 92 2
12 29 42 21
12 29 34 93
12 29 28 97
12 29 48 41
12 29 92 2
42 21 82 54
42 21 97 75
42 21 91 50
42 21 9 10
12 80 49 59
12 80 65 39
12 80 24 36
12 80 71 63
12 80 68 31
12 80 1 51
12 80 1 25
49 59 63 84
49 59 81 68
49 59 83 34
49 59 6 21
49 59 44 96
49 59 56 13
12 6 72 67
12 6 90 48
12 6 79 36
12 6 25 38
12 64 98 97
12 64 82 81
12 64 70 7
12 64 94 2
12 64 58 40
12 64 66 82
13 83 64 32
13 83 96 0
13 83 1 26
13 83 91 73
13 83 90 48
13 83 69 39
13 83 88 95
13 63 83 1
13 63 91 73
13 63 26 74
13 62 74 46
13 62 70 75
13 62 49 6
13 62 96 61
13 62 30 67
13 3 48 64
13 3 41 96
13 3 96 33
13 3 28 50
13 3 63 97
13 3 3 66
13 3 81 59
48 64 81 68
48 64 61 11
48 64 80 75
48 64 22 67
48 64 88 91
48 64 99 90
48 64 33 53
48 64 81 59
48 64 52 56
13 38 99 25
13 38 55 13
13 38 2 57
13 38 49 54
13 38 28 50
13 38 34 25
13 38 31 19
13 38 50 11
13 97 96 56
13 97 69 59
13 97 95 1
14 89 63 97
14 89 59 58
14 89 1 65
14 89 6 21
14 89 94 51
14 89 2 56
14 89 79 97
14 89 47 3
14 84 57 73
14 84 58 0
14 84 23 66
14 84 4 93
14 65 44 60
14 65 66 97
14 65 25 57
14 65 0 73
14 65 62 10
14 65 49 13
14 65 17 33
44 60 86 46
44 60 54 85
44 60 96 91
44 60 83 7
44 60 49 55
44 60 49 58
44 60 45 76
14 83 77 74
14 83 96 91
14 83 42 58
14 52 99 97
14 52 79 89
14 52 82 54
14 95 57 46
14 95 96 73
14 95 54 85
14 95 88 91
14 73 46 78
14 73 16 58
14 73 77 76
46 78 96 33
46 78 83 1
46 78 65 66
46 78 71 89
46 78 33 25
46 78 72 71
46 78 96 12
15 73 80 75
15 73 62 56
15 73 83 34
15 73 20 8
15 73 97 53
15 73 22 61
15 73 20 40
15 73 18 92
15 55 99 26
15 55 79 65
15 55 26 62
15 55 34 88
15 55 24 57
15 55 98 30
15 95 97 87
15 95 80 19
15 95 7 28
15 95 88 99
15 95 45 46
15 95 54 88
16 53 90 80
16 53 99 89
16 53 70 57
16 53 47 50
16 78 96 61
16 78 88 65
16 78 58 0
16 78 88 49
16 58 42 74
16 58 32 54
16 58 49 13
16 58 46 96
42 74 89 87
42 74 83 54
42 74 88 65
42 74 52 57
42 74 94 35
42 74 91 86
42 74 75 48
17 81 97 4
17 81 69 76
17 81 20 8
17 64 72 73
17 64 69 39
17 64 13 63
17 64 38 78
17 64 36 63
17 64 28 97
17 64 24 36
17 46 99 26
17 46 69 98
17 46 18 6
17 46 68 83
17 25 68 13
17 25 83 2
17 25 82 81
17 67 89 43
17 67 69 39
17 67 47 50
17 67 1 23
17 67 48 57
17 33 49 11
17 33 11 56
17 33 95 1
49 11 73 3
49 11 94 12
49 11 57 66
49 11 86 20
49 11 17 81
49 11 86 19
49 11 66 98
49 11 21 92
18 75 36 40
18 75 19 6
18 75 11 62
18 75 44 60
18 75 96 91
36 40 59 58
36 40 67 18
36 40 89 43
36 40 23 11
18 92 49 70
18 92 83 54
18 92 8 84
18 92 13 62
18 92 67 18
18 92 39 50
49 70 81 68
49 70 91 3
49 70 83 7
49 70 16 58
49 70 93 2
18 6 61 11
18 6 88 21
18 6 54 85
18 6 95 5
18 65 87 23
18 65 79 97
18 65 15 73
18 65 27 85
19 83 43 66
19 83 7 90
19 83 29 92
19 83 80 86
19 83 50 11
19 83 79 89
43 66 63 84
43 66 58 40
43 66 97 75
43 66 53 91
43 66 99 90
43 66 39 68
43 66 28 73
43 66 36 23
19 78 61 11
19 78 83 17
19 78 12 61
19 78 45 83
19 78 95 1
19 78 44 41
19 53 41 96
19 53 32 89
19 53 96 79
19 53 68 13
41 96 55 62
41 96 62 10
41 96 68 31
41 96 16 53
41 96 36 53
41 96 33 45
19 89 88 89
19 89 98 10
19 89 31 19
19 89 39 47
19 89 71 96
19 89 94 9
19 89 17 25
19 89 8 60
19 6 75 26
19 6 94 91
19 6 26 62
19 6 2 72
19 6 3 66
19 77 82 81
19 77 81 59
19 77 61 16
19 77 22 77
19 77 86 65
20 64 64 15
20 64 96 56
20 64 46 79
20 64 73 3
20 93 96 61
20 93 91 50
20 93 37 10
20 93 18 65
20 40 63 84
20 40 80 97
20 40 48 41
20 40 77 74
20 40 24 52
20 15 49 74
20 15 98 97
49 74 80 19
49 74 96 33
49 74 96 79
49 74 72 73
49 74 7 28
49 74 49 77
49 74 1 25
49 74 57 45
20 8 69 39
20 8 59 58
20 8 72 71
20 8 43 84
20 8 97 53
20 8 34 58
20 8 1 23
20 8 91 76
20 72 71 80
20 72 61 11
20 72 3 66
20 72 29 82
20 72 36 63
20 72 79 65
20 72 12 6
20 70 58 6
20 70 69 59
20 70 0 94
21 93 88 91
21 93 61 79
21 93 4 87
21 93 81 59
21 93 49 26
21 93 75 48
21 92 57 73
21 92 68 31
21 92 95 78
21 92 92 2
21 92 89 52
21 92 47 50
21 98 96 12
21 98 92 2
21 98 7 69
21 98 70 57
21 98 39 47
21 98 7 90
21 98 20 8
22 67 80 75
22 67 91 50
22 67 25 39
22 67 91 43
22 67 79 23
22 67 4 62
22 67 13 3
22 61 94 68
22 61 91 73
22 61 15 95
22 61 66 97
22 61 31 35
22 61 33 37
22 61 55 62
22 11 88 89
22 11 96 79
22 11 47 50
22 11 38 61
22 77 83 34
22 77 94 9
22 77 44 41
22 77 95 70
22 77 6 21
23 93 53 66
23 93 44 79
23 93 91 73
23 93 94 68
23 93 3 66
23 93 25 21
53 66 94 51
53 66 65 39
53 66 79 65
53 66 81 68
23 66 36 44
23 66 97 53
36 44 88 49
36 44 80 19
36 44 60 95
36 44 70 57
36 44 12 64
36 44 39 50
36 44 4 87
36 44 18 6
36 44 69 39
23 16 52 56
23 16 4 91
23 16 66 98
23 16 91 7
23 16 65 39
52 56 99 89
52 56 95 1
52 56 69 98
52 56 89 52
23 11 72 13
23 11 93 2
23 11 24 69
23 11 48 74
23 11 90 48
23 11 37 9
23 11 96 12
23 37 93 3
23 37 81 59
23 37 30 95
23 37 46 85
23 37 76 3
24 57 90 33
24 57 61 42
24 57 36 53
24 57 32 16
24 57 14 84
24 57 55 62
24 57 75 88
24 69 60 95
24 69 83 2
24 69 8 60
24 69 94 35
24 69 6 79
24 69 63 84
24 84 77 76
24 84 69 70
24 84 35 1
24 52 40 87
24 52 45 31
24 52 21 93
40 87 65 94
40 87 57 46
40 87 95 10
40 87 13 62
40 87 5 21
40 87 66 54
40 87 47 3
40 87 55 83
40 87 22 61
24 86 49 61
24 86 85 0
24 86 94 35
24 86 7 23
49 61 75 57
49 61 81 90
49 61 72 13
49 61 36 56
49 61 49 55
49 61 88 99
49 61 81 68
49 61 48 74
49 61 57 46
24 36 39 80
24 36 13 38
24 36 10 44
24 36 71 63
24 36 64 15
39 80 76 40
39 80 72 21
39 80 75 53
39 80 17 81
39 80 8 3
24 26 69 59
24 26 91 19
24 26 96 61
24 26 14 84
24 26 47 50
24 81 46 85
24 81 20 64
24 81 25 21
46 85 57 73
46 85 61 11
46 85 80 86
46 85 91 95
46 85 76 40
46 85 96 56
25 92 96 0
25 92 71 89
25 92 26 74
25 92 8 67
25 92 75 48
25 51 98 56
25 51 91 3
25 51 44 41
25 51 25 57
25 51 68 95
25 51 64 19
25 68 71 63
25 68 98 76
25 68 44 96
25 68 12 8
25 68 45 83
25 68 72 67
25 68 8 57
25 39 88 95
25 39 95 1
25 39 96 33
25 48 88 89
25 48 76 40
25 48 49 77
25 21 57 9
25 21 83 63
25 21 48 58
25 21 37 10
25 38 45 71
25 38 64 32
25 38 1 23
25 38 13 97
25 38 85 23
25 38 33 37
39 50 82 54
39 50 94 99
39 50 98 56
39 50 83 17
39 50 32 57
39 50 23 11
39 50 1 25
45 71 85 93
45 71 39 50
45 71 80 86
45 71 91 50
25 57 66 98
25 57 54 85
25 57 61 16
25 57 50 11
25 57 95 1
26 62 63 84
26 62 96 0
26 62 71 80
26 74 39 68
26 74 60 95
26 74 42 36
39 68 83 54
39 68 55 13
39 68 95 1
39 68 16 58
39 68 8 67
39 68 47 73
39 68 68 31
39 68 40 51
26 96 88 91
26 96 55 83
26 96 25 68
26 96 37 88
26 96 39 85
26 78 61 16
26 78 68 83
26 78 83 54
26 78 80 20
26 78 4 78
26 78 82 81
26 36 93 2
26 36 94 95
26 36 54 85
26 36 19 83
26 36 49 63
26 36 76 3
26 36 18 65
26 36 73 3
26 56 81 59
26 56 81 68
26 56 49 11
26 56 33 70
26 56 49 74
26 27 99 90
26 27 64 32
26 27 88 49
26 27 52 80
26 27 91 19
26 27 19 83
26 27 91 86
26 27 37 83
27 85 97 87
27 85 88 65
27 85 12 60
27 87 95 5
27 87 69 98
27 87 94 35
27 87 29 92
27 87 35 49
27 76 97 53
27 76 80 20
27 76 25 68
27 76 7 86
27 76 43 13
27 76 12 29
27 76 15 95
27 76 49 36
28 97 85 0
28 97 68 13
28 97 20 72
28 97 42 21
28 97 98 10
28 97 4 93
28 97 45 92
28 97 70 75
28 73 57 9
28 73 98 10
28 73 25 57
28 73 94 99
28 46 80 20
28 46 96 0
28 46 62 10
28 18 83 7
28 18 63 97
28 18 1 97
28 18 49 77
28 50 43 96
28 50 12 76
28 50 13 83
28 50 88 65
43 96 75 53
43 96 98 56
43 96 75 57
43 96 96 79
43 96 1 51
43 96 46 79
43 96 36 56
43 96 49 60
28 61 77 74
28 61 58 0
28 61 49 74
29 82 65 39
29 82 56 13
29 82 23 93
29 82 11 42
29 82 18 6
29 82 77 76
29 82 94 37
29 82 98 13
29 92 49 65
29 92 98 10
29 92 12 64
29 92 96 56
29 92 82 54
29 92 61 11
49 65 63 97
49 65 90 33
49 65 54 88
49 65 51 87
49 65 0 94
49 65 12 49
49 65 91 19
29 90 70 57
29 90 92 2
29 90 49 74
29 90 54 88
30 94 99 26
30 94 93 3
30 94 96 56
30 94 66 82
30 67 98 97
30 67 96 61
30 67 70 7
30 67 7 12
30 67 17 81
30 45 57 13
30 45 94 80
30 45 13 62
30 95 72 13
30 95 83 63
30 95 26 56
30 95 52 16
31 95 44 76
31 95 98 56
31 95 71 80
31 95 58 40
31 95 42 92
31 95 46 88
39 81 89 52
39 81 67 62
39 81 91 3
39 81 1 23
44 76 39 81
44 76 64 32
44 76 98 97
44 76 70 7
44 76 28 50
44 76 5 72
44 76 2 57
31 52 88 89
31 52 77 74
31 52 17 25
31 52 91 76
31 52 47 50
31 52 28 61
31 35 79 65
31 35 57 66
31 35 25 48
31 35 32 46
31 35 93 2
31 35 13 63
31 35 2 57
31 35 91 43
31 19 86 46
31 19 95 1
31 19 65 39
31 19 43 95
31 19 46 84
31 19 97 87
31 19 94 37
31 19 89 87
31 97 80 19
31 97 98 76
31 97 91 7
31 97 43 95
31 97 44 60
31 97 32 84
31 97 6 11
31 97 94 99
31 59 95 7
31 59 79 36
31 59 72 13
31 59 68 13
32 84 76 3
32 84 75 26
32 84 24 36
32 80 68 13
32 80 89 87
32 80 43 95
32 54 98 10
32 54 83 1
32 54 49 6
32 46 86 19
32 46 94 68
32 46 98 30
32 46 7 86
32 46 96 36
32 89 66 98
32 89 90 33
32 89 9 2
32 16 43 13
32 16 43 95
32 16 43 36
32 16 1 97
32 16 76 40
43 13 55 62
43 13 83 7
43 13 69 98
43 13 9 86
43 13 10 74
43 13 46 66
43 13 33 53
43 13 71 89
43 13 17 25
32 57 99 90
32 57 96 56
32 57 33 70
32 57 94 91
32 57 66 97
32 57 91 95
32 57 44 96
33 80 57 45
33 80 87 23
33 80 10 44
33 80 79 89
33 70 88 99
33 70 55 83
33 70 42 92
33 70 85 23
33 25 71 80
33 25 75 26
33 25 4 23
33 45 68 13
33 45 75 53
33 45 31 97
33 45 10 72
33 45 1 48
33 45 37 9
33 53 84 4
33 53 94 99
33 53 38 78
33 91 81 59
33 91 71 89
33 91 97 53
33 37 99 97
33 37 95 5
33 37 4 23
33 37 42 21
33 37 44 96
33 37 66 98
34 93 42 36
34 93 68 95
34 93 88 21
34 93 50 11
42 36 72 13
42 36 82 81
42 36 72 71
42 36 13 83
34 88 90 33
34 88 79 36
34 88 50 64
34 25 40 51
34 25 44 76
40 51 68 31
40 51 99 34
40 51 98 13
40 51 43 13
40 51 55 83
40 51 42 32
40 51 97 75
40 51 49 98
40 51 28 46
34 58 49 77
34 58 2 56
34 58 86 65
49 77 88 99
49 77 83 1
49 77 99 90
49 77 80 97
49 77 66 98
49 77 41 88
35 56 36 56
35 56 88 89
35 56 49 59
35 56 49 58
35 56 31 95
35 56 46 85
35 56 75 57
36 56 52 16
36 56 55 62
36 56 70 7
36 56 65 94
36 56 72 21
36 56 33 37
36 56 27 87
52 16 82 54
52 16 94 9
52 16 83 1
52 16 36 63
52 16 43 36
52 16 49 26
52 16 57 73
35 79 62 10
35 79 69 76
35 79 20 8
35 79 28 46
35 79 70 57
35 79 43 66
35 79 76 3
35 79 48 74
35 5 88 65
35 5 93 3
35 5 40 90
35 5 13 38
35 49 54 88
35 49 72 21
35 49 50 11
35 1 89 43
35 1 80 75
35 1 48 57
35 1 45 92
35 1 79 97
36 53 58 6
36 53 75 26
36 53 54 85
36 53 55 83
36 53 55 13
36 53 56 13
36 53 56 92
36 53 57 66
36 53 58 0
36 53 58 40
36 53 61 79
36 53 61 42
36 53 65 66
36 53 66 36
36 53 66 82
36 53 66 97
36 53 66 54
36 53 67 62
36 53 67 18
36 53 68 37
36 53 68 83
36 53 69 76
36 53 69 98
36 53 70 13
36 53 70 75
36 53 70 7
36 53 71 40
36 53 71 89
36 53 72 21
36 53 79 89
36 53 79 23
36 53 79 24
36 53 79 97
36 53 80 76
36 53 80 97
36 53 81 90
36 53 83 63
36 53 83 2
36 53 83 17
36 53 85 23
36 53 85 93
36 53 86 65
36 53 88 21
36 53 91 76
36 53 91 7
36 53 91 95
36 53 92 2
36 53 94 37
36 53 94 2
36 53 94 95
36 53 94 80
36 53 96 73
36 53 96 91
36 53 96 79
36 53 97 19
36 53 98 13
36 53 99 34
36 53 11 75
36 53 94 91
54 85 24 57
54 88 14 52
54 88 39 47
54 88 10 72
55 83 49 55
55 83 34 25
55 62 1 65
55 62 2 32
55 62 32 89
55 13 83 7
55 13 52 80
56 13 91 3
56 13 30 94
56 13 41 80
56 13 2 57
56 92 9 86
57 9 83 34
57 9 8 98
57 9 17 46
57 46 43 96
57 46 39 68
57 46 97 75
57 46 87 23
57 66 81 59
57 73 66 36
57 73 6 93
57 73 89 43
57 13 36 44
57 45 12 6
58 6 40 87
58 6 9 98
58 0 8 82
58 0 46 79
58 0 12 61
58 0 20 70
58 40 1 65
58 40 65 39
58 40 5 21
58 40 13 63
59 58 0 90
59 29 11 75
59 29 98 30
59 29 49 61
59 29 49 63
60 95 3 23
60 95 49 66
61 79 26 62
61 79 43 36
61 42 43 84
61 42 6 79
61 42 50 83
61 16 0 90
61 16 80 86
61 16 12 8
61 11 25 51
61 11 30 67
62 56 46 88
62 56 17 25
62 56 42 21
62 10 85 23
62 10 12 60
62 10 68 13
62 10 7 28
63 97 86 20
63 97 95 7
63 97 83 2
63 97 48 64
63 84 47 80
64 32 82 40
64 32 49 10
64 15 55 13
64 15 79 89
64 15 99 90
64 15 8 98
64 15 16 78
64 15 83 1
64 19 7 12
64 19 43 47
64 19 39 85
64 19 55 13
64 19 33 45
64 19 36 40
65 66 9 92
65 66 85 0
65 66 19 53
65 66 89 87
65 66 95 7
65 66 39 68
65 39 4 88
65 39 86 46
65 94 56 92
65 94 28 97
65 94 48 64
66 36 42 74
66 36 39 85
66 36 46 88
66 36 45 92
66 82 9 98
66 82 95 10
66 82 91 73
66 82 86 46
66 98 8 57
66 98 25 21
66 98 24 81
66 98 59 29
66 97 50 83
66 97 52 16
66 97 96 79
66 97 96 56
66 54 6 59
66 54 68 13
66 54 58 40
66 54 42 21
67 62 52 84
67 18 96 61
67 18 64 19
67 18 55 13
67 18 79 97
67 18 99 90
68 13 6 11
68 13 96 0
68 13 94 95
68 95 50 83
68 95 23 93
68 95 39 50
68 95 37 9
68 37 86 46
68 37 91 76
68 37 96 0
68 37 28 61
68 37 36 44
68 37 85 93
68 31 57 13
68 31 69 98
68 31 57 66
68 31 75 48
68 31 96 79
68 31 5 61
68 83 50 11
69 76 49 61
69 76 49 50
69 76 97 4
69 76 69 59
69 98 70 13
69 98 60 95
69 98 49 36
69 39 29 82
69 39 83 2
69 39 45 14
69 39 75 48
69 59 6 79
69 59 1 65
69 59 12 49
69 59 49 13
69 70 44 79
70 13 64 19
70 13 39 81
70 13 43 84
70 13 55 83
70 13 26 62
70 13 49 96
70 75 24 81
70 75 43 95
70 75 64 15
70 75 57 9
70 75 1 97
70 75 49 26
70 57 25 92
70 57 26 62
70 57 17 33
70 57 86 19
70 57 37 9
70 57 29 92
70 7 71 40
71 40 1 26
71 40 88 89
71 40 49 61
71 40 94 99
71 40 75 48
71 96 44 60
71 96 94 91
71 96 8 57
71 80 39 85
71 80 23 11
71 80 23 66
71 80 24 57
71 80 99 89
71 80 31 52
71 63 88 21
71 63 11 62
71 63 15 95
71 63 72 67
71 63 29 82
71 89 31 95
71 89 93 3
71 89 52 84
72 73 17 67
72 67 8 57
72 67 0 94
72 67 34 58
72 67 5 72
72 13 33 37
72 71 24 26
72 21 19 53
72 21 61 16
72 21 42 92
72 52 95 10
73 3 24 81
74 46 18 65
74 46 49 65
74 46 96 33
74 46 29 92
75 57 85 23
75 57 67 62
75 57 23 37
75 57 91 3
75 57 9 2
75 53 92 2
75 53 1 51
75 26 64 15
75 26 47 99
75 26 81 68
75 26 71 96
75 26 65 66
75 48 52 56
75 48 21 92
75 48 99 90
75 48 48 64
75 88 30 95
75 88 72 13
75 88 98 10
75 88 35 56
75 88 49 52
76 40 90 80
76 40 66 98
76 40 39 68
76 40 35 56
76 3 47 80
76 3 14 52
76 3 2 21
76 3 88 45
76 3 1 61
76 3 97 19
77 74 8 84
77 74 49 63
77 74 17 46
77 74 95 10
77 74 10 44
77 76 44 96
77 76 44 41
77 76 11 62
77 76 69 98
77 76 50 83
79 89 79 23
79 89 91 43
79 89 69 70
79 89 39 50
79 89 49 10
79 89 29 92
79 23 47 73
79 23 74 46
79 23 69 76
79 36 35 1
79 36 58 40
79 36 14 52
79 24 49 59
79 24 33 25
79 24 66 97
79 24 83 63
79 24 75 88
79 97 37 10
79 97 8 81
79 97 1 51
79 97 19 89
79 65 32 16
80 86 52 16
80 86 49 91
80 86 85 23
80 86 9 86
80 20 4 88
80 76 21 92
80 19 88 99
80 75 38 78
80 97 36 40
80 97 99 90
80 97 12 29
80 97 85 93
81 59 35 49
81 59 88 45
81 59 38 50
81 59 45 46
81 59 23 16
81 59 34 58
81 68 58 6
81 68 12 49
81 90 1 23
81 90 70 75
81 90 68 13
81 90 32 57
81 90 6 93
81 90 39 80
82 54 54 85
82 54 34 93
82 54 1 61
82 40 21 93
82 40 94 68
82 40 52 84
82 40 72 71
82 81 96 73
83 54 8 82
83 54 44 79
83 54 60 95
83 54 5 21
83 54 23 16
83 54 5 82
83 1 44 5
83 1 96 36
83 1 33 80
83 1 95 78
83 63 57 9
83 63 54 85
83 63 95 5
83 34 49 70
83 2 20 8
83 2 91 43
83 2 7 9
83 2 11 56
83 2 24 84
83 17 19 53
83 17 13 3
83 17 25 39
83 7 48 58
83 7 57 45
83 7 37 56
83 7 30 95
83 7 94 80
84 4 32 16
84 4 34 88
84 4 61 79
84 4 5 72
84 4 96 12
84 4 19 78
85 0 90 33
85 0 58 40
85 23 95 1
85 23 45 76
85 83 24 84
85 83 9 10
85 93 28 61
85 93 36 63
86 20 39 81
86 20 55 13
86 20 43 13
86 65 33 91
86 65 62 56
86 19 24 69
86 19 32 84
86 19 88 49
86 19 16 78
86 19 12 76
86 46 95 10
86 46 69 70
86 46 72 71
86 46 26 36
86 46 6 21
87 23 76 40
87 23 46 84
87 23 31 52
87 23 80 75
87 23 31 19
87 23 86 19
88 45 50 64
88 45 12 8
88 45 6 79
88 45 72 73
88 45 25 39
88 89 94 99
88 89 28 97
88 65 19 77
88 65 39 47
88 65 9 10
88 65 1 26
88 65 54 85
88 99 4 91
88 99 47 50
88 99 53 10
88 99 45 31
88 99 28 97
88 99 55 83
88 49 82 40
88 95 5 72
88 95 75 88
88 21 35 79
88 21 91 50
88 21 68 31
88 21 70 57
88 91 64 19
88 91 20 70
88 91 24 84
88 91 77 76
89 87 43 66
89 87 24 36
89 87 94 68
89 87 60 95
89 87 88 89
89 87 54 85
89 43 61 42
89 43 31 35
89 43 8 84
89 43 95 78
89 43 8 3
89 43 48 74
89 52 49 66
89 52 15 73
90 48 70 13
90 48 58 40
90 80 49 66
90 80 61 79
90 80 14 84
90 80 6 93
90 80 49 60
90 80 36 23
90 33 56 92
90 33 8 57
90 33 40 51
90 33 94 35
91 73 18 6
91 19 26 56
91 19 49 52
91 19 30 67
91 19 64 32
91 19 72 71
91 50 12 61
91 76 0 90
91 76 26 96
91 76 45 58
91 86 49 50
91 86 4 88
91 7 49 36
91 7 94 95
91 7 9 10
91 7 4 62
91 7 11 75
91 43 0 94
91 43 2 57
91 43 77 74
91 95 39 85
91 95 37 83
91 95 45 76
91 95 53 91
91 3 42 58
91 3 42 21
91 3 85 83
91 3 68 37
91 3 9 98
92 2 88 21
92 2 48 41
92 2 23 66
93 3 8 60
93 2 87 23
93 2 98 56
93 2 45 14
94 37 41 96
94 37 7 69
94 37 12 3
94 37 85 93
94 68 7 86
94 68 31 35
94 68 47 99
94 68 0 90
94 68 94 9
94 91 83 54
94 91 0 73
94 91 14 65
94 12 41 88
94 12 31 52
94 12 62 10
94 12 65 39
94 35 38 61
94 35 26 78
94 35 33 45
94 35 96 33
94 35 94 51
94 35 26 74
94 9 43 66
94 9 7 9
94 9 14 83
94 9 86 46
94 9 71 40
94 9 48 38
94 9 37 83
94 99 96 91
94 99 37 56
94 99 86 19
94 99 34 88
94 99 37 10
94 99 45 76
94 2 18 75
94 95 49 96
94 95 72 21
94 95 98 30
94 95 36 20
94 95 49 50
94 95 14 83
94 95 4 87
94 95 51 87
94 80 28 46
94 80 33 80
94 80 32 46
94 80 46 96
94 80 79 97
94 80 68 95
94 51 39 50
94 51 28 46
94 51 38 86
94 51 32 46
95 7 49 58
95 7 2 21
95 7 13 62
95 7 43 66
95 7 11 56
95 7 69 76
95 7 68 31
95 78 39 5
95 78 97 19
95 5 8 81
95 5 34 88
95 5 35 5
95 10 79 97
95 10 96 33
95 10 88 21
95 10 91 76
95 10 47 73
95 10 0 94
95 10 95 78
95 10 91 95
95 1 80 97
95 1 46 96
95 1 45 83
95 70 83 63
95 70 72 52
96 73 45 14
96 61 32 16
96 61 52 16
96 61 86 20
96 61 91 7
96 61 13 63
96 61 95 7
96 61 89 52
96 33 66 54
96 33 57 45
96 33 8 67
96 33 45 46
96 33 99 26
96 33 69 70
96 33 43 96
96 33 20 64
96 56 39 85
96 56 99 89
96 56 32 89
96 12 2 56
96 12 21 93
96 12 91 7
96 0 88 89
96 0 70 75
96 0 77 76
96 0 45 58
96 0 79 97
96 79 7 90
96 79 13 62
96 79 38 78
96 79 6 53
96 79 87 23
96 36 45 31
96 36 31 52
97 75 29 82
97 75 96 33
97 75 49 78
97 75 72 52
97 75 41 79
97 75 25 68
97 75 72 21
97 75 44 60
97 19 1 26
97 19 1 48
97 19 4 78
97 19 1 25
97 4 6 93
97 4 37 88
97 4 48 58
97 4 47 50
97 4 30 95
97 4 71 96
97 4 53 66
97 87 86 19
97 87 39 80
97 87 39 50
97 87 85 23
97 87 37 83
97 87 49 52
97 87 12 8
97 53 43 13
97 53 38 78
97 53 25 48
97 53 49 58
97 53 79 36
98 97 83 7
98 97 30 94
98 97 43 66
98 97 1 65
98 97 47 99
98 97 64 19
98 13 96 0
98 13 22 67
98 10 97 53
98 10 36 23
98 30 12 76
98 30 10 44
98 30 44 41
98 30 2 21
98 30 15 73
98 30 43 84
98 30 43 96
98 56 6 79
98 56 79 23
99 90 49 11
99 90 44 60
99 26 30 95
99 25 28 18
99 25 37 88
99 25 97 53
99 89 46 96
99 89 96 33
99 89 27 87
99 89 31 19
99 89 12 29
99 89 39 81
99 89 26 62
99 89 53 10
99 89 52 84
37 56 0 94
24 36 0 94
6 93 0 94
24 81 0 94
49 36 0 94
53 10 0 94
40 90 0 94
20 64 0 94
79 65 37 56
69 59 37 56
81 90 37 56
48 58 37 56
72 21 37 56
46 96 0 90
13 97 0 90
3 72 0 90
33 70 0 90
20 70 0 90
49 91 0 90
5 21 0 90
67 62 0 90
29 82 0 90
82 40 46 96
96 79 46 96
56 92 46 96
80 19 46 96
52 84 46 96
33 53 46 96
22 67 46 96
49 55 0 73
19 78 0 73
1 65 0 73
75 48 0 73
45 71 0 73
91 7 0 73
26 78 0 73
54 88 49 55
70 7 49 55
82 54 49 55
39 68 49 55
24 52 49 55
46 66 1 86
52 80 1 86
72 71 1 86
95 5 1 86
68 83 1 86
23 37 1 86
97 53 1 86
25 38 1 86
79 89 1 86
90 48 46 66
63 84 46 66
69 39 46 66
49 61 46 66
63 97 46 66
23 11 46 66
12 61 46 66
50 64 1 61
80 76 1 61
6 93 1 61
3 66 1 61
99 25 50 64
65 94 50 64
66 82 50 64
1 65 50 64
91 3 50 64
49 90 1 23
48 41 1 23
99 89 1 23
66 98 1 23
68 31 49 90
79 24 49 90
99 89 49 90
76 40 49 90
95 5 49 90
28 73 49 90
49 96 1 26
66 36 1 26
49 50 1 26
18 92 1 26
59 29 49 96
66 98 49 96
85 0 49 96
26 27 49 96
58 0 49 96
72 73 49 96
4 93 49 96
36 20 1 51
98 10 1 51
25 57 1 51
46 66 1 51
61 79 1 51
91 50 36 20
83 54 36 20
76 40 36 20
52 84 36 20
69 59 36 20
55 62 36 20
33 53 36 20
83 1 36 20
32 84 36 20
28 61 36 20
13 62 36 20
52 80 1 97
25 21 1 97
46 78 1 97
26 62 1 97
95 78 52 80
68 95 52 80
88 45 52 80
0 94 52 80
94 37 52 80
96 91 52 80
94 95 52 80
88 89 52 80
98 10 52 80
49 63 52 80
49 6 1 48
91 7 1 48
80 19 1 48
20 72 1 48
27 87 1 48
77 76 1 48
93 3 1 48
68 31 49 6
77 74 49 6
80 86 49 6
69 39 49 6
18 6 49 6
19 83 49 6
98 97 49 6
28 50 49 6
99 90 49 6
46 88 1 25
27 85 1 25
68 95 46 88
82 40 46 88
90 48 46 88
34 25 46 88
7 69 46 88
62 10 46 88
42 32 46 88
84 4 46 88
96 61 46 88
38 50 46 88
39 85 1 65
56 92 1 65
62 10 1 65
36 63 1 65
42 58 1 65
55 13 1 65
16 78 1 65
95 1 39 85
79 23 39 85
72 73 39 85
71 40 39 85
13 38 39 85
90 48 39 85
49 78 39 85
7 28 39 85
49 52 2 72
75 53 2 72
95 70 49 52
61 42 49 52
99 97 49 52
75 48 49 52
50 12 49 52
7 69 49 52
60 95 49 52
31 19 49 52
98 13 49 52
96 0 49 52
37 10 2 53
46 84 2 53
41 80 2 53
11 56 2 53
26 96 2 53
28 73 2 53
36 23 2 53
95 10 37 10
96 91 37 10
91 50 37 10
39 4 37 10
0 94 37 10
49 61 37 10
67 62 37 10
34 93 37 10
18 92 37 10
43 36 2 32
6 21 2 32
30 95 2 32
72 52 43 36
95 5 43 36
80 75 43 36
75 88 43 36
2 57 43 36
2 56 43 36
21 92 43 36
94 99 43 36
85 23 43 36
36 63 2 57
24 84 2 57
77 74 36 63
68 95 36 63
71 80 36 63
52 57 36 63
19 78 36 63
72 67 36 63
28 97 36 63
49 60 2 21
86 46 2 21
55 13 2 21
29 82 2 21
94 51 49 60
69 98 49 60
99 25 49 60
55 83 49 60
83 2 49 60
49 69 2 56
94 95 2 56
74 46 2 56
26 74 2 56
71 96 41 88
72 73 41 88
83 1 41 88
8 82 41 88
66 36 41 88
24 26 41 88
70 57 47 3
41 88 47 3
63 84 47 3
88 89 47 3
80 97 47 3
97 87 47 3
12 64 47 3
35 49 47 3
88 65 47 3
95 10 47 3
47 3 49 69
71 80 49 69
55 62 49 69
83 7 49 69
81 90 49 69
49 91 49 69
9 86 49 69
57 13 49 69
57 73 49 69
48 74 3 72
44 79 3 72
12 61 3 72
7 69 3 72
1 97 3 72
57 73 3 72
49 60 3 72
65 39 48 74
86 19 48 74
88 95 48 74
91 43 48 74
63 84 48 74
45 92 3 66
49 65 3 66
83 7 3 66
66 36 3 66
28 46 3 66
44 60 3 66
96 36 45 92
91 7 45 92
68 13 45 92
49 76 45 92
49 54 45 92
88 45 45 92
42 74 45 92
48 58 3 23
40 87 3 23
96 33 3 23
91 43 48 58
72 52 48 58
68 37 48 58
13 62 48 58
49 63 4 88
29 92 4 88
23 37 4 88
96 91 4 88
11 75 4 88
95 7 4 88
85 83 49 63
80 75 49 63
70 57 49 63
62 10 49 63
3 72 49 63
31 97 49 63
81 90 49 63
51 87 4 87
95 1 4 87
32 84 4 87
82 54 51 87
95 70 51 87
97 75 51 87
65 39 51 87
12 29 51 87
73 3 51 87
72 21 51 87
49 78 51 87
83 54 51 87
53 10 4 93
55 62 4 93
24 86 4 93
45 71 4 93
80 86 53 10
81 68 53 10
91 95 53 10
89 43 53 10
94 95 53 10
12 8 53 10
2 32 53 10
82 81 53 10
62 10 53 10
42 92 4 62
98 56 4 62
94 91 4 62
28 73 4 62
88 49 4 62
24 86 4 62
45 46 42 92
88 99 42 92
95 7 42 92
91 7 42 92
91 73 42 92
76 40 42 92
25 92 42 92
1 51 42 92
86 20 45 46
90 33 45 46
6 79 45 46
47 50 4 23
91 3 4 23
97 87 4 23
45 71 4 23
31 59 4 23
70 75 4 23
68 13 4 23
54 85 43 65
74 46 43 65
98 10 43 65
79 23 43 65
90 80 43 65
70 57 43 65
12 76 43 65
96 61 43 65
43 65 47 50
81 59 47 50
83 34 47 50
95 78 47 50
43 66 47 50
32 54 47 50
46 79 4 78
41 79 4 78
20 72 4 78
79 65 4 78
79 36 4 78
80 19 4 78
99 26 4 78
98 97 42 58
80 75 42 58
98 13 42 58
90 80 42 58
31 19 42 58
69 39 42 58
96 12 42 58
24 81 42 58
41 96 42 58
0 73 42 58
42 58 46 79
91 73 46 79
70 57 46 79
39 68 46 79
15 55 46 79
77 76 46 79
0 73 46 79
49 69 46 79
48 74 46 79
44 79 4 91
1 65 4 91
52 56 4 91
96 56 4 91
75 88 44 79
94 95 44 79
67 62 44 79
49 65 44 79
57 45 44 79
77 76 44 79
47 80 5 72
26 36 5 72
22 77 5 72
30 67 5 72
94 68 5 72
99 90 5 72
83 7 47 80
62 10 47 80
54 85 47 80
91 7 47 80
31 59 47 80
24 26 47 80
72 21 47 80
47 99 5 82
54 24 5 82
1 23 5 82
20 64 5 82
68 13 5 82
24 52 5 82
91 19 47 99
70 57 47 99
99 90 47 99
4 62 47 99
49 98 5 21
73 3 5 21
97 4 5 21
45 83 5 21
98 13 5 21
6 59 5 21
50 11 49 98
66 36 49 98
96 61 49 98
30 67 49 98
64 32 49 98
14 73 49 98
56 92 49 98
4 91 49 98
69 39 50 11
91 19 50 11
96 12 50 11
56 13 50 11
0 90 50 11
86 20 50 11
33 45 50 11
49 54 5 61
56 13 5 61
94 12 49 54
72 73 49 54
88 89 49 54
98 97 49 54
49 78 6 53
31 35 6 53
62 56 6 53
99 90 6 53
49 76 6 53
20 93 6 53
68 13 49 78
88 45 49 78
81 68 49 78
79 36 49 78
28 97 49 78
44 96 6 79
66 54 6 79
94 9 44 96
95 7 44 96
94 2 44 96
54 24 44 96
28 61 44 96
26 27 44 96
43 84 6 11
49 6 6 11
53 72 43 84
67 62 43 84
56 13 43 84
80 20 43 84
10 74 43 84
8 57 43 84
42 58 43 84
72 71 53 72
91 50 53 72
66 82 53 72
23 66 53 72
36 63 53 72
97 75 53 72
49 69 53 72
98 30 53 72
44 5 6 93
85 93 6 93
91 86 44 5
95 7 44 5
71 89 44 5
69 59 44 5
39 85 44 5
83 54 44 5
54 88 44 5
49 66 6 59
49 11 6 59
49 63 6 59
40 90 6 59
80 75 6 59
12 29 6 59
69 70 49 66
83 1 49 66
90 33 49 66
94 91 49 66
11 62 49 66
48 41 49 66
40 90 6 21
91 19 6 21
94 99 6 21
46 85 6 21
11 42 6 21
95 5 40 90
71 40 40 90
71 89 40 90
46 66 40 90
14 89 40 90
42 32 7 86
10 74 7 86
95 1 7 86
99 90 7 86
70 57 7 86
55 62 7 86
50 12 7 86
45 58 42 32
82 40 42 32
60 95 42 32
85 93 42 32
59 58 42 32
48 57 42 32
61 16 45 58
90 80 45 58
74 46 45 58
42 36 45 58
20 8 45 58
47 3 45 58
48 68 7 90
94 80 7 90
4 87 7 90
82 81 7 90
13 97 7 90
97 75 48 68
95 78 48 68
99 25 48 68
18 75 48 68
94 12 48 68
45 83 48 68
55 62 48 68
3 23 48 68
44 79 48 68
37 9 7 23
12 6 7 23
5 21 7 23
18 75 7 23
63 84 7 23
43 47 7 23
66 98 7 23
38 50 37 9
90 33 37 9
97 87 37 9
61 11 37 9
7 90 37 9
94 99 37 9
14 65 37 9
32 16 37 9
63 84 38 50
97 75 38 50
57 66 38 50
28 50 38 50
61 79 38 50
88 99 38 50
2 21 38 50
52 84 7 60
53 72 7 60
81 59 52 84
65 66 52 84
59 29 52 84
36 40 52 84
43 47 7 12
3 66 7 12
33 70 7 12
28 97 7 12
43 84 7 12
97 4 7 12
94 51 7 12
98 97 43 47
84 4 43 47
58 40 43 47
20 70 43 47
6 59 43 47
99 25 43 47
44 41 43 47
13 38 43 47
38 78 7 69
49 10 7 69
85 83 7 69
97 19 7 69
94 35 38 78
73 3 38 78
75 88 38 78
30 94 38 78
37 88 38 78
39 80 38 78
43 95 7 28
4 93 7 28
25 38 7 28
72 52 36 23
95 7 36 23
43 47 36 23
75 26 36 23
36 23 43 95
91 73 43 95
79 89 43 95
94 99 43 95
77 74 43 95
13 83 43 95
35 56 43 95
28 73 43 95
16 53 43 95
95 10 43 95
45 14 7 9
93 3 7 9
79 24 7 9
58 40 7 9
69 59 7 9
97 4 7 9
62 56 45 14
99 97 45 14
73 3 45 14
91 7 45 14
31 52 45 14
37 88 8 84
45 71 8 84
39 80 8 84
82 54 8 84
43 36 8 84
48 68 8 84
11 42 8 84
48 41 37 88
69 76 37 88
62 56 37 88
79 97 37 88
67 18 37 88
89 52 48 41
82 81 48 41
96 56 48 41
15 55 48 41
38 61 48 41
94 37 48 41
49 51 8 67
37 83 8 67
96 12 49 51
94 99 49 51
58 40 49 51
76 40 49 51
48 38 8 76
26 56 8 76
66 54 8 76
49 36 48 38
96 79 48 38
66 82 48 38
67 62 48 38
25 68 48 38
2 72 48 38
94 37 49 36
98 76 49 36
81 59 49 36
19 89 49 36
39 81 49 36
23 66 49 36
85 23 49 36
94 2 49 36
37 83 8 57
9 10 8 57
88 45 37 83
85 0 37 83
90 33 37 83
47 3 37 83
48 57 8 98
6 11 8 98
74 46 8 98
34 88 8 98
40 87 8 98
74 46 48 57
83 2 48 57
94 91 48 57
71 80 48 57
17 25 48 57
96 12 48 57
47 3 48 57
33 53 48 57
45 76 48 57
53 91 8 82
53 66 8 82
26 96 8 82
64 19 53 91
79 24 53 91
90 80 53 91
37 10 53 91
77 76 53 91
47 73 53 91
46 79 53 91
10 72 53 91
49 61 53 91
46 84 8 60
96 73 8 60
31 52 8 60
83 2 8 60
29 90 8 60
91 73 8 60
24 81 8 60
81 68 39 47
75 53 39 47
66 54 39 47
95 70 39 47
1 97 39 47
21 92 39 47
91 86 39 47
39 47 46 84
77 74 46 84
94 99 46 84
38 78 46 84
79 89 46 84
33 45 46 84
90 80 46 84
38 61 8 3
8 84 8 3
18 6 8 3
98 30 38 61
96 79 38 61
96 0 38 61
69 39 38 61
98 10 38 61
97 4 38 61
86 19 38 61
26 78 38 61
39 5 8 81
25 21 8 81
97 87 8 81
96 33 8 81
49 6 8 81
26 27 8 81
88 91 39 5
72 52 39 5
76 3 39 5
49 51 39 5
43 66 39 5
3 23 39 5
80 76 39 5
50 83 9 92
53 72 9 92
35 5 9 92
88 45 9 92
42 92 9 92
59 58 50 83
80 75 50 83
96 0 50 83
34 93 50 83
46 79 50 83
49 58 9 86
18 75 9 86
5 82 9 86
3 72 9 86
45 71 9 86
95 78 9 86
99 97 9 86
98 97 49 58
64 19 49 58
94 12 49 58
18 92 49 58
45 76 9 98
60 95 9 98
91 3 45 76
93 2 45 76
95 70 45 76
79 97 45 76
23 11 45 76
49 10 9 10
31 35 9 10
13 97 9 10
71 40 9 10
68 95 9 10
24 69 9 10
53 66 9 10
68 13 49 10
61 42 49 10
88 45 49 10
32 57 49 10
80 19 49 10
47 99 49 10
62 10 49 10
45 83 9 2
21 98 9 2
19 83 9 2
98 10 9 2
8 76 9 2
48 74 9 2
73 3 9 2
96 0 41 80
94 35 41 80
58 40 41 80
62 10 41 80
66 98 41 80
24 84 41 80
41 80 45 83
86 65 45 83
56 92 45 83
14 73 45 83
46 96 45 83
33 45 45 83
2 53 45 83
49 76 10 74
32 16 10 74
44 60 10 74
29 82 10 74
45 76 10 74
99 34 10 74
89 43 10 74
83 1 49 76
81 59 49 76
84 4 49 76
49 61 49 76
48 74 49 76
45 76 49 76
31 35 49 76
45 46 49 76
49 26 10 72
68 13 10 72
24 26 10 72
59 29 10 72
25 51 10 72
79 23 10 72
6 53 10 72
79 36 49 26
60 95 49 26
94 9 49 26
76 40 49 26
13 38 49 26
46 88 49 26
41 79 10 44
53 66 10 44
37 10 10 44
88 91 10 44
54 24 41 79
67 18 41 79
47 80 41 79
68 13 41 79
97 53 54 24
94 12 54 24
81 68 54 24
65 94 54 24
64 32 54 24
5 21 54 24
25 51 54 24
58 0 54 24
27 85 54 24
44 41 11 62
26 96 11 62
81 59 11 62
50 11 11 62
52 80 11 62
75 48 44 41
57 13 44 41
80 75 44 41
9 10 44 41
68 13 44 41
38 86 11 75
31 52 11 75
49 26 11 75
75 26 11 75
99 25 38 86
70 13 38 86
61 42 38 86
97 75 38 86
20 40 38 86
73 3 38 86
52 57 11 42
72 52 11 42
57 46 11 42
68 83 11 42
47 3 11 42
98 10 11 42
76 3 52 57
57 46 52 57
95 1 52 57
94 91 52 57
7 23 52 57
61 79 52 57
94 9 52 57
49 60 52 57
50 12 11 56
98 56 11 56
31 35 11 56
91 43 11 56
61 11 50 12
93 2 50 12
94 9 50 12
16 78 50 12
99 25 50 12
44 5 50 12
36 53 50 12
25 51 50 12
49 91 12 60
12 29 12 60
24 86 12 60
33 91 12 60
44 60 12 60
49 51 12 60
8 84 12 60
64 32 49 91
72 52 49 91
88 49 49 91
47 3 49 91
26 56 49 91
66 82 49 91
83 7 49 91
49 13 12 61
32 57 12 61
94 91 49 13
90 33 49 13
57 73 49 13
31 95 49 13
49 70 49 13
95 10 49 13
91 76 49 13
47 73 12 76
99 25 12 76
20 72 12 76
91 76 12 76
88 49 47 73
70 57 47 73
79 24 47 73
28 73 47 73
45 46 47 73
10 74 47 73
45 31 12 3
23 93 12 3
35 1 12 3
69 98 12 3
26 78 12 3
60 95 39 4
99 26 39 4
91 50 39 4
96 61 39 4
81 90 39 4
67 18 39 4
14 52 39 4
39 4 45 31
91 19 45 31
55 13 45 31
98 13 45 31
36 20 45 31
42 74 45 31
5 82 45 31
56 92 45 31
49 50 12 49
13 83 12 49
23 11 12 49
4 91 12 49
82 81 49 50
58 0 49 50
93 3 49 50
12 61 49 50
91 73 12 8
57 9 12 8
52 56 12 8
91 7 12 8
27 76 12 8
49 6 12 8
92 2 12 8
42 21 12 29
34 93 12 29
28 97 12 29
48 41 12 29
92 2 12 29
82 54 42 21
97 75 42 21
91 50 42 21
9 10 42 21
49 59 12 80
65 39 12 80
24 36 12 80
71 63 12 80
68 31 12 80
1 51 12 80
1 25 12 80
63 84 49 59
81 68 49 59
83 34 49 59
6 21 49 59
44 96 49 59
56 13 49 59
72 67 12 6
90 48 12 6
79 36 12 6
25 38 12 6
98 97 12 64
82 81 12 64
70 7 12 64
94 2 12 64
58 40 12 64
66 82 12 64
64 32 13 83
96 0 13 83
1 26 13 83
91 73 13 83
90 48 13 83
69 39 13 83
88 95 13 83
83 1 13 63
91 73 13 63
26 74 13 63
74 46 13 62
70 75 13 62
49 6 13 62
96 61 13 62
30 67 13 62
48 64 13 3
41 96 13 3
96 33 13 3
28 50 13 3
63 97 13 3
3 66 13 3
81 59 13 3
81 68 48 64
61 11 48 64
80 75 48 64
22 67 48 64
88 91 48 64
99 90 48 64
33 53 48 64
81 59 48 64
52 56 48 64
99 25 13 38
55 13 13 38
2 57 13 38
49 54 13 38
28 50 13 38
34 25 13 38
31 19 13 38
50 11 13 38
96 56 13 97
69 59 13 97
95 1 13 97
63 97 14 89
59 58 14 89
1 65 14 89
6 21 14 89
94 51 14 89
2 56 14 89
79 97 14 89
47 3 14 89
57 73 14 84
58 0 14 84
23 66 14 84
4 93 14 84
44 60 14 65
66 97 14 65
25 57 14 65
0 73 14 65
62 10 14 65
49 13 14 65
17 33 14 65
86 46 44 60
54 85 44 60
96 91 44 60
83 7 44 60
49 55 44 60
49 58 44 60
45 76 44 60
77 74 14 83
96 91 14 83
42 58 14 83
99 97 14 52
79 89 14 52
82 54 14 52
57 46 14 95
96 73 14 95
54 85 14 95
88 91 14 95
46 78 14 73
16 58 14 73
77 76 14 73
96 33 46 78
83 1 46 78
65 66 46 78
71 89 46 78
33 25 46 78
72 71 46 78
96 12 46 78
80 75 15 73
62 56 15 73
83 34 15 73
20 8 15 73
97 53 15 73
22 61 15 73
20 40 15 73
18 92 15 73
99 26 15 55
79 65 15 55
26 62 15 55
34 88 15 55
24 57 15 55
98 30 15 55
97 87 15 95
80 19 15 95
7 28 15 95
88 99 15 95
45 46 15 95
54 88 15 95
90 80 16 53
99 89 16 53
70 57 16 53
47 50 16 53
96 61 16 78
88 65 16 78
58 0 16 78
88 49 16 78
42 74 16 58
32 54 16 58
49 13 16 58
46 96 16 58
89 87 42 74
83 54 42 74
88 65 42 74
52 57 42 74
94 35 42 74
91 86 42 74
75 48 42 74
97 4 17 81
69 76 17 81
20 8 17 81
72 73 17 64
69 39 17 64
13 63 17 64
38 78 17 64
36 63 17 64
28 97 17 64
24 36 17 64
99 26 17 46
69 98 17 46
18 6 17 46
68 83 17 46
68 13 17 25
83 2 17 25
82 81 17 25
89 43 17 67
69 39 17 67
47 50 17 67
1 23 17 67
48 57 17 67
49 11 17 33
11 56 17 33
95 1 17 33
73 3 49 11
94 12 49 11
57 66 49 11
86 20 49 11
17 81 49 11
86 19 49 11
66 98 49 11
21 92 49 11
36 40 18 75
19 6 18 75
11 62 18 75
44 60 18 75
96 91 18 75
59 58 36 40
67 18 36 40
89 43 36 40
23 11 36 40
49 70 18 92
83 54 18 92
8 84 18 92
13 62 18 92
67 18 18 92
39 50 18 92
81 68 49 70
91 3 49 70
83 7 49 70
16 58 49 70
93 2 49 70
61 11 18 6
88 21 18 6
54 85 18 6
95 5 18 6
87 23 18 65
79 97 18 65
15 73 18 65
27 85 18 65
43 66 19 83
7 90 19 83
29 92 19 83
80 86 19 83
50 11 19 83
79 89 19 83
63 84 43 66
58 40 43 66
97 75 43 66
53 91 43 66
99 90 43 66
39 68 43 66
28 73 43 66
36 23 43 66
61 11 19 78
83 17 19 78
12 61 19 78
45 83 19 78
95 1 19 78
44 41 19 78
41 96 19 53
32 89 19 53
96 79 19 53
68 13 19 53
55 62 41 96
62 10 41 96
68 31 41 96
16 53 41 96
36 53 41 96
33 45 41 96
88 89 19 89
98 10 19 89
31 19 19 89
39 47 19 89
71 96 19 89
94 9 19 89
17 25 19 89
8 60 19 89
75 26 19 6
94 91 19 6
26 62 19 6
2 72 19 6
3 66 19 6
82 81 19 77
81 59 19 77
61 16 19 77
22 77 19 77
86 65 19 77
64 15 20 64
96 56 20 64
46 79 20 64
73 3 20 64
96 61 20 93
91 50 20 93
37 10 20 93
18 65 20 93
63 84 20 40
80 97 20 40
48 41 20 40
77 74 20 40
24 52 20 40
49 74 20 15
98 97 20 15
80 19 49 74
96 33 49 74
96 79 49 74
72 73 49 74
7 28 49 74
49 77 49 74
1 25 49 74
57 45 49 74
69 39 20 8
59 58 20 8
72 71 20 8
43 84 20 8
97 53 20 8
34 58 20 8
1 23 20 8
91 76 20 8
71 80 20 72
61 11 20 72
3 66 20 72
29 82 20 72
36 63 20 72
79 65 20 72
12 6 20 72
58 6 20 70
69 59 20 70
0 94 20 70
88 91 21 93
61 79 21 93
4 87 21 93
81 59 21 93
49 26 21 93
75 48 21 93
57 73 21 92
68 31 21 92
95 78 21 92
92 2 21 92
89 52 21 92
47 50 21 92
96 12 21 98
92 2 21 98
7 69 21 98
70 57 21 98
39 47 21 98
7 90 21 98
20 8 21 98
80 75 22 67
91 50 22 67
25 39 22 67
91 43 22 67
79 23 22 67
4 62 22 67
13 3 22 67
94 68 22 61
91 73 22 61
15 95 22 61
66 97 22 61
31 35 22 61
33 37 22 61
55 62 22 61
88 89 22 11
96 79 22 11
47 50 22 11
38 61 22 11
83 34 22 77
94 9 22 77
44 41 22 77
95 70 22 77
6 21 22 77
53 66 23 93
44 79 23 93
91 73 23 93
94 68 23 93
3 66 23 93
25 21 23 93
94 51 53 66
65 39 53 66
79 65 53 66
81 68 53 66
36 44 23 66
97 53 23 66
88 49 36 44
80 19 36 44
60 95 36 44
70 57 36 44
12 64 36 44
39 50 36 44
4 87 36 44
18 6 36 44
69 39 36 44
52 56 23 16
4 91 23 16
66 98 23 16
91 7 23 16
65 39 23 16
99 89 52 56
95 1 52 56
69 98 52 56
89 52 52 56
72 13 23 11
93 2 23 11
24 69 23 11
48 74 23 11
90 48 23 11
37 9 23 11
96 12 23 11
93 3 23 37
81 59 23 37
30 95 23 37
46 85 23 37
76 3 23 37
90 33 24 57
61 42 24 57
36 53 24 57
32 16 24 57
14 84 24 57
55 62 24 57
75 88 24 57
60 95 24 69
83 2 24 69
8 60 24 69
94 35 24 69
6 79 24 69
63 84 24 69
77 76 24 84
69 70 24 84
35 1 24 84
40 87 24 52
45 31 24 52
21 93 24 52
65 94 40 87
57 46 40 87
95 10 40 87
13 62 40 87
5 21 40 87
66 54 40 87
47 3 40 87
55 83 40 87
22 61 40 87
49 61 24 86
85 0 24 86
94 35 24 86
7 23 24 86
75 57 49 61
81 90 49 61
72 13 49 61
36 56 49 61
49 55 49 61
88 99 49 61
81 68 49 61
48 74 49 61
57 46 49 61
39 80 24 36
13 38 24 36
10 44 24 36
71 63 24 36
64 15 24 36
76 40 39 80
72 21 39 80
75 53 39 80
17 81 39 80
8 3 39 80
69 59 24 26
91 19 24 26
96 61 24 26
14 84 24 26
47 50 24 26
46 85 24 81
20 64 24 81
25 21 24 81
57 73 46 85
61 11 46 85
80 86 46 85
91 95 46 85
76 40 46 85
96 56 46 85
96 0 25 92
71 89 25 92
26 74 25 92
8 67 25 92
75 48 25 92
98 56 25 51
91 3 25 51
44 41 25 51
25 57 25 51
68 95 25 51
64 19 25 51
71 63 25 68
98 76 25 68
44 96 25 68
12 8 25 68
45 83 25 68
72 67 25 68
8 57 25 68
88 95 25 39
95 1 25 39
96 33 25 39
88 89 25 48
76 40 25 48
49 77 25 48
57 9 25 21
83 63 25 21
48 58 25 21
37 10 25 21
45 71 25 38
64 32 25 38
1 23 25 38
13 97 25 38
85 23 25 38
33 37 25 38
82 54 39 50
94 99 39 50
98 56 39 50
83 17 39 50
32 57 39 50
23 11 39 50
1 25 39 50
85 93 45 71
39 50 45 71
80 86 45 71
91 50 45 71
66 98 25 57
54 85 25 57
61 16 25 57
50 11 25 57
95 1 25 57
63 84 26 62
96 0 26 62
71 80 26 62
39 68 26 74
60 95 26 74
42 36 26 74
83 54 39 68
55 13 39 68
95 1 39 68
16 58 39 68
8 67 39 68
47 73 39 68
68 31 39 68
40 51 39 68
88 91 26 96
55 83 26 96
25 68 26 96
37 88 26 96
39 85 26 96
61 16 26 78
68 83 26 78
83 54 26 78
80 20 26 78
4 78 26 78
82 81 26 78
93 2 26 36
94 95 26 36
54 85 26 36
19 83 26 36
49 63 26 36
76 3 26 36
18 65 26 36
73 3 26 36
81 59 26 56
81 68 26 56
49 11 26 56
33 70 26 56
49 74 26 56
99 90 26 27
64 32 26 27
88 49 26 27
52 80 26 27
91 19 26 27
19 83 26 27
91 86 26 27
37 83 26 27
97 87 27 85
88 65 27 85
12 60 27 85
95 5 27 87
69 98 27 87
94 35 27 87
29 92 27 87
35 49 27 87
97 53 27 76
80 20 27 76
25 68 27 76
7 86 27 76
43 13 27 76
12 29 27 76
15 95 27 76
49 36 27 76
85 0 28 97
68 13 28 97
20 72 28 97
42 21 28 97
98 10 28 97
4 93 28 97
45 92 28 97
70 75 28 97
57 9 28 73
98 10 28 73
25 57 28 73
94 99 28 73
80 20 28 46
96 0 28 46
62 10 28 46
83 7 28 18
63 97 28 18
1 97 28 18
49 77 28 18
43 96 28 50
12 76 28 50
13 83 28 50
88 65 28 50
75 53 43 96
98 56 43 96
75 57 43 96
96 79 43 96
1 51 43 96
46 79 43 96
36 56 43 96
49 60 43 96
77 74 28 61
58 0 28 61
49 74 28 61
65 39 29 82
56 13 29 82
23 93 29 82
11 42 29 82
18 6 29 82
77 76 29 82
94 37 29 82
98 13 29 82
49 65 29 92
98 10 29 92
12 64 29 92
96 56 29 92
82 54 29 92
61 11 29 92
63 97 49 65
90 33 49 65
54 88 49 65
51 87 49 65
0 94 49 65
12 49 49 65
91 19 49 65
70 57 29 90
92 2 29 90
49 74 29 90
54 88 29 90
99 26 30 94
93 3 30 94
96 56 30 94
66 82 30 94
98 97 30 67
96 61 30 67
70 7 30 67
7 12 30 67
17 81 30 67
57 13 30 45
94 80 30 45
13 62 30 45
72 13 30 95
83 63 30 95
26 56 30 95
52 16 30 95
44 76 31 95
98 56 31 95
71 80 31 95
58 40 31 95
42 92 31 95
46 88 31 95
89 52 39 81
67 62 39 81
91 3 39 81
1 23 39 81
39 81 44 76
64 32 44 76
98 97 44 76
70 7 44 76
28 50 44 76
5 72 44 76
2 57 44 76
88 89 31 52
77 74 31 52
17 25 31 52
91 76 31 52
47 50 31 52
28 61 31 52
79 65 31 35
57 66 31 35
25 48 31 35
32 46 31 35
93 2 31 35
13 63 31 35
2 57 31 35
91 43 31 35
86 46 31 19
95 1 31 19
65 39 31 19
43 95 31 19
46 84 31 19
97 87 31 19
94 37 31 19
89 87 31 19
80 19 31 97
98 76 31 97
91 7 31 97
43 95 31 97
44 60 31 97
32 84 31 97
6 11 31 97
94 99 31 97
95 7 31 59
79 36 31 59
72 13 31 59
68 13 31 59
76 3 32 84
75 26 32 84
24 36 32 84
68 13 32 80
89 87 32 80
43 95 32 80
98 10 32 54
83 1 32 54
49 6 32 54
86 19 32 46
94 68 32 46
98 30 32 46
7 86 32 46
96 36 32 46
66 98 32 89
90 33 32 89
9 2 32 89
43 13 32 16
43 95 32 16
43 36 32 16
1 97 32 16
76 40 32 16
55 62 43 13
83 7 43 13
69 98 43 13
9 86 43 13
10 74 43 13
46 66 43 13
33 53 43 13
71 89 43 13
17 25 43 13
99 90 32 57
96 56 32 57
33 70 32 57
94 91 32 57
66 97 32 57
91 95 32 57
44 96 32 57
57 45 33 80
87 23 33 80
10 44 33 80
79 89 33 80
88 99 33 70
55 83 33 70
42 92 33 70
85 23 33 70
71 80 33 25
75 26 33 25
4 23 33 25
68 13 33 45
75 53 33 45
31 97 33 45
10 72 33 45
1 48 33 45
37 9 33 45
84 4 33 53
94 99 33 53
38 78 33 53
81 59 33 91
71 89 33 91
97 53 33 91
99 97 33 37
95 5 33 37
4 23 33 37
42 21 33 37
44 96 33 37
66 98 33 37
42 36 34 93
68 95 34 93
88 21 34 93
50 11 34 93
72 13 42 36
82 81 42 36
72 71 42 36
13 83 42 36
90 33 34 88
79 36 34 88
50 64 34 88
40 51 34 25
44 76 34 25
68 31 40 51
99 34 40 51
98 13 40 51
43 13 40 51
55 83 40 51
42 32 40 51
97 75 40 51
49 98 40 51
28 46 40 51
49 77 34 58
2 56 34 58
86 65 34 58
88 99 49 77
83 1 49 77
99 90 49 77
80 97 49 77
66 98 49 77
41 88 49 77
36 56 35 56
88 89 35 56
49 59 35 56
49 58 35 56
31 95 35 56
46 85 35 56
75 57 35 56
52 16 36 56
55 62 36 56
70 7 36 56
65 94 36 56
72 21 36 56
33 37 36 56
27 87 36 56
82 54 52 16
94 9 52 16
83 1 52 16
36 63 52 16
43 36 52 16
49 26 52 16
57 73 52 16
62 10 35 79
69 76 35 79
20 8 35 79
28 46 35 79
70 57 35 79
43 66 35 79
76 3 35 79
48 74 35 79
88 65 35 5
93 3 35 5
40 90 35 5
13 38 35 5
54 88 35 49
72 21 35 49
50 11 35 49
89 43 35 1
80 75 35 1
48 57 35 1
45 92 35 1
79 97 35 1
58 6 36 53
75 26 36 53
54 85 36 53
55 83 36 53
55 13 36 53
56 13 36 53
56 92 36 53
57 66 36 53
58 0 36 53
58 40 36 53
61 79 36 53
61 42 36 53
65 66 36 53
66 36 36 53
66 82 36 53
66 97 36 53
66 54 36 53
67 62 36 53
67 18 36 53
68 37 36 53
68 83 36 53
69 76 36 53
69 98 36 53
70 13 36 53
70 75 36 53
70 7 36 53
71 40 36 53
71 89 36 53
72 21 36 53
79 89 36 53
79 23 36 53
79 24 36 53
79 97 36 53
80 76 36 53
80 97 36 53
81 90 36 53
83 63 36 53
83 2 36 53
83 17 36 53
85 23 36 53
85 93 36 53
86 65 36 53
88 21 36 53
91 76 36 53
91 7 36 53
91 95 36 53
92 2 36 53
94 37 36 53
94 2 36 53
94 95 36 53
94 80 36 53
96 73 36 53
96 91 36 53
96 79 36 53
97 19 36 53
98 13 36 53
99 34 36 53
11 75 36 53
94 91 36 53
24 57 54 85
14 52 54 88
39 47 54 88
10 72 54 88
49 55 55 83
34 25 55 83
1 65 55 62
2 32 55 62
32 89 55 62
83 7 55 13
52 80 55 13
91 3 56 13
30 94 56 13
41 80 56 13
2 57 56 13
9 86 56 92
83 34 57 9
8 98 57 9
17 46 57 9
43 96 57 46
39 68 57 46
97 75 57 46
87 23 57 46
81 59 57 66
66 36 57 73
6 93 57 73
89 43 57 73
36 44 57 13
12 6 57 45
40 87 58 6
9 98 58 6
8 82 58 0
46 79 58 0
12 61 58 0
20 70 58 0
1 65 58 40
65 39 58 40
5 21 58 40
13 63 58 40
0 90 59 58
11 75 59 29
98 30 59 29
49 61 59 29
49 63 59 29
3 23 60 95
49 66 60 95
26 62 61 79
43 36 61 79
43 84 61 42
6 79 61 42
50 83 61 42
0 90 61 16
80 86 61 16
12 8 61 16
25 51 61 11
30 67 61 11
46 88 62 56
17 25 62 56
42 21 62 56
85 23 62 10
12 60 62 10
68 13 62 10
7 28 62 10
86 20 63 97
95 7 63 97
83 2 63 97
48 64 63 97
47 80 63 84
82 40 64 32
49 10 64 32
55 13 64 15
79 89 64 15
99 90 64 15
8 98 64 15
16 78 64 15
83 1 64 15
7 12 64 19
43 47 64 19
39 85 64 19
55 13 64 19
33 45 64 19
36 40 64 19
9 92 65 66
85 0 65 66
19 53 65 66
89 87 65 66
95 7 65 66
39 68 65 66
4 88 65 39
86 46 65 39
56 92 65 94
28 97 65 94
48 64 65 94
42 74 66 36
39 85 66 36
46 88 66 36
45 92 66 36
9 98 66 82
95 10 66 82
91 73 66 82
86 46 66 82
8 57 66 98
25 21 66 98
24 81 66 98
59 29 66 98
50 83 66 97
52 16 66 97
96 79 66 97
96 56 66 97
6 59 66 54
68 13 66 54
58 40 66 54
42 21 66 54
52 84 67 62
96 61 67 18
64 19 67 18
55 13 67 18
79 97 67 18
99 90 67 18
6 11 68 13
96 0 68 13
94 95 68 13
50 83 68 95
23 93 68 95
39 50 68 95
37 9 68 95
86 46 68 37
91 76 68 37
96 0 68 37
28 61 68 37
36 44 68 37
85 93 68 37
57 13 68 31
69 98 68 31
57 66 68 31
75 48 68 31
96 79 68 31
5 61 68 31
50 11 68 83
49 61 69 76
49 50 69 76
97 4 69 76
69 59 69 76
70 13 69 98
60 95 69 98
49 36 69 98
29 82 69 39
83 2 69 39
45 14 69 39
75 48 69 39
6 79 69 59
1 65 69 59
12 49 69 59
49 13 69 59
44 79 69 70
64 19 70 13
39 81 70 13
43 84 70 13
55 83 70 13
26 62 70 13
49 96 70 13
24 81 70 75
43 95 70 75
64 15 70 75
57 9 70 75
1 97 70 75
49 26 70 75
25 92 70 57
26 62 70 57
17 33 70 57
86 19 70 57
37 9 70 57
29 92 70 57
71 40 70 7
1 26 71 40
88 89 71 40
49 61 71 40
94 99 71 40
75 48 71 40
44 60 71 96
94 91 71 96
8 57 71 96
39 85 71 80
23 11 71 80
23 66 71 80
24 57 71 80
99 89 71 80
31 52 71 80
88 21 71 63
11 62 71 63
15 95 71 63
72 67 71 63
29 82 71 63
31 95 71 89
93 3 71 89
52 84 71 89
17 67 72 73
8 57 72 67
0 94 72 67
34 58 72 67
5 72 72 67
33 37 72 13
24 26 72 71
19 53 72 21
61 16 72 21
42 92 72 21
95 10 72 52
24 81 73 3
18 65 74 46
49 65 74 46
96 33 74 46
29 92 74 46
85 23 75 57
67 62 75 57
23 37 75 57
91 3 75 57
9 2 75 57
92 2 75 53
1 51 75 53
64 15 75 26
47 99 75 26
81 68 75 26
71 96 75 26
65 66 75 26
52 56 75 48
21 92 75 48
99 90 75 48
48 64 75 48
30 95 75 88
72 13 75 88
98 10 75 88
35 56 75 88
49 52 75 88
90 80 76 40
66 98 76 40
39 68 76 40
35 56 76 40
47 80 76 3
14 52 76 3
2 21 76 3
88 45 76 3
1 61 76 3
97 19 76 3
8 84 77 74
49 63 77 74
17 46 77 74
95 10 77 74
10 44 77 74
44 96 77 76
44 41 77 76
11 62 77 76
69 98 77 76
50 83 77 76
79 23 79 89
91 43 79 89
69 70 79 89
39 50 79 89
49 10 79 89
29 92 79 89
47 73 79 23
74 46 79 23
69 76 79 23
35 1 79 36
58 40 79 36
14 52 79 36
49 59 79 24
33 25 79 24
66 97 79 24
83 63 79 24
75 88 79 24
37 10 79 97
8 81 79 97
1 51 79 97
19 89 79 97
32 16 79 65
52 16 80 86
49 91 80 86
85 23 80 86
9 86 80 86
4 88 80 20
21 92 80 76
88 99 80 19
38 78 80 75
36 40 80 97
99 90 80 97
12 29 80 97
85 93 80 97
35 49 81 59
88 45 81 59
38 50 81 59
45 46 81 59
23 16 81 59
34 58 81 59
58 6 81 68
12 49 81 68
1 23 81 90
70 75 81 90
68 13 81 90
32 57 81 90
6 93 81 90
39 80 81 90
54 85 82 54
34 93 82 54
1 61 82 54
21 93 82 40
94 68 82 40
52 84 82 40
72 71 82 40
96 73 82 81
8 82 83 54
44 79 83 54
60 95 83 54
5 21 83 54
23 16 83 54
5 82 83 54
44 5 83 1
96 36 83 1
33 80 83 1
95 78 83 1
57 9 83 63
54 85 83 63
95 5 83 63
49 70 83 34
20 8 83 2
91 43 83 2
7 9 83 2
11 56 83 2
24 84 83 2
19 53 83 17
13 3 83 17
25 39 83 17
48 58 83 7
57 45 83 7
37 56 83 7
30 95 83 7
94 80 83 7
32 16 84 4
34 88 84 4
61 79 84 4
5 72 84 4
96 12 84 4
19 78 84 4
90 33 85 0
58 40 85 0
95 1 85 23
45 76 85 23
24 84 85 83
9 10 85 83
28 61 85 93
36 63 85 93
39 81 86 20
55 13 86 20
43 13 86 20
33 91 86 65
62 56 86 65
24 69 86 19
32 84 86 19
88 49 86 19
16 78 86 19
12 76 86 19
95 10 86 46
69 70 86 46
72 71 86 46
26 36 86 46
6 21 86 46
76 40 87 23
46 84 87 23
31 52 87 23
80 75 87 23
31 19 87 23
86 19 87 23
50 64 88 45
12 8 88 45
6 79 88 45
72 73 88 45
25 39 88 45
94 99 88 89
28 97 88 89
19 77 88 65
39 47 88 65
9 10 88 65
1 26 88 65
54 85 88 65
4 91 88 99
47 50 88 99
53 10 88 99
45 31 88 99
28 97 88 99
55 83 88 99
82 40 88 49
5 72 88 95
75 88 88 95
35 79 88 21
91 50 88 21
68 31 88 21
70 57 88 21
64 19 88 91
20 70 88 91
24 84 88 91
77 76 88 91
43 66 89 87
24 36 89 87
94 68 89 87
60 95 89 87
88 89 89 87
54 85 89 87
61 42 89 43
31 35 89 43
8 84 89 43
95 78 89 43
8 3 89 43
48 74 89 43
49 66 89 52
15 73 89 52
70 13 90 48
58 40 90 48
49 66 90 80
61 79 90 80
14 84 90 80
6 93 90 80
49 60 90 80
36 23 90 80
56 92 90 33
8 57 90 33
40 51 90 33
94 35 90 33
18 6 91 73
26 56 91 19
49 52 91 19
30 67 91 19
64 32 91 19
72 71 91 19
12 61 91 50
0 90 91 76
26 96 91 76
45 58 91 76
49 50 91 86
4 88 91 86
49 36 91 7
94 95 91 7
9 10 91 7
4 62 91 7
11 75 91 7
0 94 91 43
2 57 91 43
77 74 91 43
39 85 91 95
37 83 91 95
45 76 91 95
53 91 91 95
42 58 91 3
42 21 91 3
85 83 91 3
68 37 91 3
9 98 91 3
88 21 92 2
48 41 92 2
23 66 92 2
8 60 93 3
87 23 93 2
98 56 93 2
45 14 93 2
41 96 94 37
7 69 94 37
12 3 94 37
85 93 94 37
7 86 94 68
31 35 94 68
47 99 94 68
0 90 94 68
94 9 94 68
83 54 94 91
0 73 94 91
14 65 94 91
41 88 94 12
31 52 94 12
62 10 94 12
65 39 94 12
38 61 94 35
26 78 94 35
33 45 94 35
96 33 94 35
94 51 94 35
26 74 94 35
43 66 94 9
7 9 94 9
14 83 94 9
86 46 94 9
71 40 94 9
48 38 94 9
37 83 94 9
96 91 94 99
37 56 94 99
86 19 94 99
34 88 94 99
37 10 94 99
45 76 94 99
18 75 94 2
49 96 94 95
72 21 94 95
98 30 94 95
36 20 94 95
49 50 94 95
14 83 94 95
4 87 94 95
51 87 94 95
28 46 94 80
33 80 94 80
32 46 94 80
46 96 94 80
79 97 94 80
68 95 94 80
39 50 94 51
28 46 94 51
38 86 94 51
32 46 94 51
49 58 95 7
2 21 95 7
13 62 95 7
43 66 95 7
11 56 95 7
69 76 95 7
68 31 95 7
39 5 95 78
97 19 95 78
8 81 95 5
34 88 95 5
35 5 95 5
79 97 95 10
96 33 95 10
88 21 95 10
91 76 95 10
47 73 95 10
0 94 95 10
95 78 95 10
91 95 95 10
80 97 95 1
46 96 95 1
45 83 95 1
83 63 95 70
72 52 95 70
45 14 96 73
32 16 96 61
52 16 96 61
86 20 96 61
91 7 96 61
13 63 96 61
95 7 96 61
89 52 96 61
66 54 96 33
57 45 96 33
8 67 96 33
45 46 96 33
99 26 96 33
69 70 96 33
43 96 96 33
20 64 96 33
39 85 96 56
99 89 96 56
32 89 96 56
2 56 96 12
21 93 96 12
91 7 96 12
88 89 96 0
70 75 96 0
77 76 96 0
45 58 96 0
79 97 96 0
7 90 96 79
13 62 96 79
38 78 96 79
6 53 96 79
87 23 96 79
45 31 96 36
31 52 96 36
29 82 97 75
96 33 97 75
49 78 97 75
72 52 97 75
41 79 97 75
25 68 97 75
72 21 97 75
44 60 97 75
1 26 97 19
1 48 97 19
4 78 97 19
1 25 97 19
6 93 97 4
37 88 97 4
48 58 97 4
47 50 97 4
30 95 97 4
71 96 97 4
53 66 97 4
86 19 97 87
39 80 97 87
39 50 97 87
85 23 97 87
37 83 97 87
49 52 97 87
12 8 97 87
43 13 97 53
38 78 97 53
25 48 97 53
49 58 97 53
79 36 97 53
83 7 98 97
30 94 98 97
43 66 98 97
1 65 98 97
47 99 98 97
64 19 98 97
96 0 98 13
22 67 98 13
97 53 98 10
36 23 98 10
12 76 98 30
10 44 98 30
44 41 98 30
2 21 98 30
15 73 98 30
43 84 98 30
43 96 98 30
6 79 98 56
79 23 98 56
49 11 99 90
44 60 99 90
30 95 99 26
28 18 99 25
37 88 99 25
97 53 99 25
46 96 99 89
96 33 99 89
27 87 99 89
31 19 99 89
12 29 99 89
39 81 99 89
26 62 99 89
53 10 99 89
52 84 99 89