200
800
3196
0 144 104
0 8 363
0 6 345
0 11 220
0 141 367
60 111 320
60 29 227
60 110 39
60 123 68
60 120 335
60 134 320
60 143 390
111 155 8
111 190 308
111 160 298
111 164 41
144 158 328
144 148 378
144 126 98
144 68 321
144 2 208
144 166 143
144 193 383
148 60 293
148 164 270
148 172 117
148 5 313
1 72 355
1 62 297
1 86 395
1 40 229
1 63 324
1 134 370
1 143 380
72 132 385
72 194 163
72 159 201
72 111 6
132 136 259
132 19 287
136 195 67
136 197 46
136 37 205
136 113 351
136 117 378
136 86 274
2 56 323
2 90 326
2 153 150
2 37 94
56 108 32
56 79 24
108 141 363
108 185 259
108 21 150
141 160 203
141 184 258
141 51 37
141 158 148
141 2 305
141 81 109
3 70 356
3 85 189
3 195 53
3 32 85
3 146 94
3 167 279
3 191 131
50 145 198
50 22 162
50 95 17
50 138 318
50 147 142
70 50 24
70 165 296
70 187 140
70 74 322
145 199 271
145 182 348
145 178 372
145 91 17
4 147 183
4 27 111
53 195 76
53 171 29
53 114 1
147 53 286
147 152 28
147 39 135
5 146 148
5 133 194
5 57 39
90 178 170
90 172 113
90 156 265
146 90 218
146 82 139
146 159 105
146 123 225
146 162 53
6 125 79
6 34 365
6 133 101
76 187 123
76 185 206
76 43 261
76 157 43
76 175 341
76 71 6
125 76 117
125 13 12
7 134 379
7 51 291
105 166 158
105 162 118
105 143 213
105 79 286
105 195 353
105 140 31
134 105 31
134 33 68
8 126 378
8 102 363
8 112 268
8 137 296
8 45 74
58 175 160
58 139 204
58 7 395
126 133 308
126 151 360
126 184 241
133 58 187
133 171 301
133 181 262
133 16 270
133 130 346
133 102 382
133 73 61
9 91 161
9 166 65
9 95 75
9 183 45
9 74 387
9 54 276
9 19 265
91 115 111
91 153 397
91 77 279
91 49 380
91 121 19
91 196 253
115 122 369
122 190 14
122 186 343
122 189 265
10 131 0
10 160 295
10 119 395
10 27 339
78 193 398
78 192 265
78 6 324
78 172 302
78 109 227
131 78 315
131 168 206
11 107 336
11 19 298
11 97 377
11 62 101
11 47 137
11 151 152
107 170 362
107 194 229
107 38 243
12 149 186
12 155 82
12 192 176
12 146 345
12 65 111
137 197 296
137 166 128
137 130 269
137 161 327
137 169 250
137 45 254
149 137 325
149 169 121
13 139 48
13 85 179
109 195 390
109 83 267
109 150 303
139 109 60
139 170 100
139 113 333
14 99 160
14 63 259
14 38 169
14 106 71
14 55 304
14 84 188
14 147 388
99 127 293
99 132 40
99 18 397
127 193 67
127 178 383
127 71 351
127 151 146
127 173 68
15 93 110
15 61 31
15 7 95
15 33 168
15 13 140
93 174 341
93 182 152
93 152 233
16 119 396
16 38 189
16 112 205
16 27 366
16 78 170
119 152 350
119 153 346
119 39 157
17 97 3
17 89 306
17 163 398
97 171 192
97 177 24
97 174 249
97 195 314
97 160 299
18 92 367
18 11 222
92 162 237
92 187 92
92 116 139
92 139 250
19 123 381
19 182 164
19 164 141
19 133 231
19 45 376
19 70 373
83 174 59
83 127 7
83 112 364
83 170 333
123 83 383
123 181 55
123 113 388
123 195 82
123 67 83
123 47 62
20 140 132
20 192 382
20 31 93
20 115 43
95 195 23
95 168 334
95 88 357
95 96 302
95 123 375
95 144 373
140 95 318
140 6 36
140 50 156
21 79 150
21 193 36
79 153 185
79 179 216
79 2 289
79 109 355
79 94 90
79 186 211
22 52 221
22 175 137
22 49 137
52 174 323
52 177 24
52 95 77
23 63 196
23 90 63
23 120 363
23 14 31
23 76 199
63 112 371
63 77 114
63 197 321
63 181 337
67 185 86
67 175 266
67 113 151
67 35 181
112 67 234
112 197 139
112 87 219
112 110 259
24 96 84
24 155 120
96 177 36
96 191 198
96 102 189
96 193 324
96 28 136
25 117 350
25 24 328
25 64 152
25 35 112
25 175 49
117 124 229
117 159 131
117 147 395
124 175 349
124 125 181
26 121 337
26 116 213
26 37 18
26 46 383
26 190 175
26 189 201
26 149 174
57 184 322
57 166 301
57 155 261
57 168 40
59 57 28
59 34 84
59 43 301
75 156 49
75 59 331
75 2 219
75 98 147
121 75 328
121 132 306
27 74 309
27 118 229
27 169 173
74 114 142
74 176 381
74 164 327
74 51 328
74 36 250
114 164 69
114 19 51
114 88 299
114 32 351
28 65 11
28 14 142
28 139 5
28 75 160
28 21 317
28 41 76
65 169 120
65 163 357
65 30 222
65 171 391
65 32 30
29 100 230
29 194 217
29 134 60
29 128 184
100 151 298
100 172 38
100 27 151
30 94 214
30 88 144
94 181 171
94 159 305
94 178 366
94 0 255
94 29 229
31 101 310
31 161 358
31 58 393
101 167 343
101 169 220
101 91 276
32 113 165
32 197 193
32 121 240
32 93 217
32 160 29
113 158 181
113 168 147
113 121 25
113 91 69
113 141 390
113 51 22
33 116 399
33 106 46
33 63 274
33 54 17
33 67 318
116 169 41
116 162 242
116 22 346
34 138 26
34 194 15
138 184 63
138 195 132
138 197 152
138 125 385
138 158 327
138 58 230
35 77 324
35 163 236
35 166 48
51 162 238
51 158 98
51 122 271
77 84 205
77 59 309
77 36 7
77 100 192
77 172 30
77 50 213
84 51 120
84 168 155
84 16 205
36 71 344
36 133 99
36 148 252
71 102 246
71 168 291
71 42 93
102 171 96
102 122 70
102 155 371
102 48 267
102 174 103
102 69 328
102 10 71
37 64 37
37 75 141
37 23 12
37 131 334
37 25 104
62 182 89
62 170 73
62 107 338
62 26 92
62 97 69
62 123 372
64 68 197
64 180 293
64 7 79
64 44 322
64 108 266
68 85 253
68 176 31
68 18 106
85 62 296
85 137 242
85 160 234
38 130 46
38 51 26
38 45 363
66 80 358
66 179 203
66 77 379
66 49 305
66 23 160
66 76 335
80 180 144
80 188 76
80 53 314
98 66 59
98 65 214
130 98 316
130 163 137
130 78 362
130 23 78
39 61 73
39 4 142
39 129 129
61 73 326
61 153 29
73 192 163
73 187 134
73 72 395
40 106 352
40 30 168
40 179 341
54 142 59
54 184 276
54 95 206
54 178 49
54 157 63
54 175 66
54 43 373
106 54 361
106 165 233
106 65 276
142 151 241
142 137 172
142 35 74
41 88 373
41 49 322
41 110 157
41 72 343
41 27 102
88 129 132
88 124 282
88 131 349
88 78 371
88 98 99
88 13 313
88 72 34
120 180 261
120 57 83
129 120 68
129 157 78
129 181 329
129 136 224
42 55 200
42 157 91
55 166 81
55 173 289
55 144 152
43 118 137
43 24 121
43 195 371
43 22 71
43 46 309
43 115 44
118 158 307
118 157 390
118 139 202
118 173 248
118 105 395
118 50 362
118 134 200
44 128 80
44 151 161
44 192 257
44 150 228
44 176 129
128 167 364
128 153 343
128 72 1
45 103 343
45 39 185
45 192 388
45 101 398
69 164 112
69 84 205
69 16 345
69 55 399
103 69 1
103 157 108
103 83 75
103 80 112
103 141 264
103 40 41
46 89 302
46 155 391
89 143 210
89 10 350
89 43 293
89 95 106
89 166 269
143 171 254
143 168 73
143 121 81
47 104 289
47 158 186
81 194 73
81 181 397
82 81 139
82 1 49
82 135 305
82 117 153
82 21 186
82 61 315
82 164 78
87 82 256
87 183 77
87 94 344
104 87 144
104 188 31
104 191 12
104 185 20
104 5 161
104 159 45
104 102 247
104 33 286
48 110 197
48 133 248
48 57 204
48 162 106
110 175 178
110 188 353
110 171 221
110 5 371
110 92 99
49 135 123
49 154 208
86 163 165
86 198 199
86 186 127
86 173 345
86 165 154
86 155 95
86 159 260
86 168 373
86 67 323
135 154 8
135 161 286
135 86 216
135 156 57
135 196 342
135 172 148
135 150 26
135 176 292
135 179 146
135 183 22
135 157 334
135 189 332
135 191 37
135 54 319
135 152 323
135 91 238
150 70 133
150 182 375
151 5 334
151 29 306
151 0 351
152 198 77
152 44 279
153 146 331
154 39 102
154 161 83
155 93 3
156 32 30
156 115 186
156 166 137
157 151 50
157 44 295
158 112 317
158 97 383
159 68 170
160 186 344
160 120 322
160 14 389
160 182 52
160 165 322
160 70 23
161 164 326
161 33 309
161 48 57
161 150 181
162 180 260
162 113 95
162 24 356
163 152 101
163 122 197
164 119 393
164 92 371
164 32 85
164 197 303
165 50 45
165 16 52
165 148 236
165 7 128
166 143 321
166 66 214
166 193 218
166 70 177
167 73 328
167 26 319
167 83 323
167 107 203
168 153 361
168 77 28
168 96 45
169 18 203
169 89 160
170 30 280
170 24 376
170 90 162
171 114 36
172 12 159
172 60 126
172 39 304
172 97 217
172 173 98
173 95 251
173 120 306
173 35 294
174 64 397
174 107 31
174 65 73
175 156 42
175 28 199
175 27 177
175 177 286
175 20 187
175 55 299
176 151 278
176 155 19
176 137 351
176 106 325
176 38 275
177 169 331
177 111 62
177 128 286
177 196 207
177 25 220
177 50 360
178 199 204
178 53 44
178 72 4
178 139 195
178 29 356
179 43 376
179 142 26
180 129 247
180 94 209
180 35 142
181 131 151
181 82 286
181 137 137
181 30 323
181 101 340
181 109 246
182 183 14
183 13 398
183 192 5
183 56 41
184 98 194
184 16 23
184 9 279
184 11 63
185 13 271
185 136 244
187 86 246
187 129 194
187 143 278
188 181 383
188 93 146
188 56 354
188 163 39
189 198 92
189 67 83
189 28 250
189 168 352
189 31 10
190 126 282
190 157 179
190 127 137
190 105 23
190 77 106
190 142 295
190 29 63
190 99 137
191 175 199
192 153 361
193 118 239
193 79 155
193 69 302
193 167 67
193 61 166
193 92 20
194 26 117
194 53 272
194 15 327
194 86 190
194 63 388
194 172 59
196 136 188
196 171 118
196 128 133
196 162 184
196 48 160
196 80 207
197 61 359
197 125 177
197 143 205
197 135 348
197 14 41
197 11 36
197 50 98
197 171 334
197 130 245
197 15 267
197 83 199
197 42 58
198 153 123
198 28 91
198 196 323
198 111 367
199 196 48
199 141 338
199 70 30
199 191 342
106 54 181 137
106 54 178 199
106 54 129 157
106 54 164 119
106 54 161 48
0 6 62 123
0 6 177 196
62 123 128 153
62 123 184 98
62 123 103 80
62 123 97 195
62 123 96 28
62 123 127 151
62 123 28 41
62 123 72 159
0 11 26 149
0 11 5 146
0 11 81 194
0 11 25 64
26 189 135 176
26 189 180 35
26 189 43 195
26 189 193 69
26 189 14 106
26 189 32 197
26 189 19 133
26 149 165 50
26 149 26 189
26 149 41 88
26 149 55 144
26 149 139 170
26 149 129 120
26 149 181 82
26 149 161 164
0 141 25 35
0 141 190 157
25 35 86 163
25 35 198 111
25 35 104 102
25 35 53 114
25 35 122 190
25 35 177 169
25 35 124 175
60 111 37 23
60 111 134 33
60 111 68 85
60 111 100 172
60 111 57 155
37 23 161 150
37 23 183 192
37 23 118 173
37 23 41 88
37 23 19 45
37 23 63 112
60 29 102 122
60 29 42 157
60 29 106 65
60 29 26 121
60 29 172 97
60 29 17 163
60 29 151 5
102 122 161 48
102 122 189 168
102 122 103 157
102 122 21 193
102 122 177 169
102 122 75 59
102 122 152 44
102 122 94 159
102 122 80 53
60 110 25 117
60 110 97 195
60 110 105 195
60 110 50 22
60 110 167 83
60 110 113 168
60 110 168 153
25 117 104 185
25 117 199 196
25 117 197 143
25 117 64 44
25 117 135 154
25 117 136 195
25 117 0 6
25 117 170 24
25 117 17 89
60 123 84 16
60 123 69 16
60 123 29 134
84 16 189 67
84 16 197 135
84 16 175 177
84 16 6 125
84 16 102 69
84 16 36 71
60 120 102 155
60 120 180 94
60 120 118 173
60 120 94 0
60 120 77 100
60 120 28 41
60 120 104 188
138 197 187 86
138 197 197 143
138 197 118 158
138 197 180 35
138 197 95 168
138 197 129 136
138 197 134 105
138 197 3 70
102 155 41 49
102 155 138 197
102 155 181 82
102 155 16 78
102 155 37 75
102 155 141 160
102 155 36 71
102 155 111 164
102 155 50 138
60 134 98 65
60 134 20 140
60 134 156 115
37 25 143 168
37 25 164 92
37 25 190 127
37 25 194 63
37 25 135 154
37 25 62 97
98 65 37 25
98 65 194 172
98 65 14 99
98 65 93 182
60 143 68 85
60 143 13 85
60 143 79 94
60 143 16 27
60 143 44 150
68 85 73 192
68 85 43 22
68 85 88 78
68 85 86 67
68 85 68 18
73 192 176 151
73 192 110 5
73 192 155 93
73 192 127 71
111 155 33 54
111 155 118 134
33 54 187 143
33 54 135 156
33 54 128 167
33 54 113 91
33 54 35 166
33 54 54 95
33 54 181 101
33 54 167 83
33 54 8 137
111 190 71 102
111 190 113 51
111 190 66 179
111 190 111 155
111 190 127 71
111 190 67 175
71 102 156 166
71 102 191 175
71 102 48 133
71 102 144 148
71 102 175 156
71 102 68 18
71 102 3 191
71 102 180 94
111 160 30 94
111 160 57 155
111 160 43 118
111 160 89 166
111 160 197 61
111 160 156 115
30 94 165 16
30 94 135 54
30 94 43 195
30 94 187 86
30 94 197 61
111 164 130 163
111 164 23 90
111 164 146 123
111 164 133 171
130 163 162 24
130 163 120 180
130 163 176 155
130 163 140 50
130 163 114 164
130 163 62 123
130 163 10 131
130 163 187 143
130 163 44 150
144 158 54 43
144 158 163 152
54 43 175 55
54 43 174 107
54 43 48 133
54 43 34 138
54 43 156 115
54 43 161 164
144 148 113 168
144 148 100 151
113 168 118 105
113 168 173 95
113 168 170 24
113 168 174 65
113 168 36 71
144 126 32 160
144 126 199 191
144 126 9 91
144 126 56 108
144 126 23 63
144 126 98 66
32 160 54 178
32 160 110 5
32 160 42 55
32 160 120 57
32 160 160 14
32 160 174 64
32 160 174 65
32 160 154 161
54 178 165 16
54 178 178 53
54 178 194 172
144 68 85 62
144 68 197 14
144 68 52 174
144 68 104 5
144 68 28 75
85 62 88 129
85 62 41 88
85 62 164 197
85 62 80 53
144 2 57 168
144 2 130 23
144 2 129 181
144 2 104 188
57 168 41 27
57 168 172 12
57 168 82 164
57 168 12 192
57 168 198 196
57 168 138 58
144 166 24 155
144 166 199 70
144 166 190 157
144 166 79 186
24 155 103 80
24 155 118 50
24 155 176 106
24 155 67 35
144 193 102 174
144 193 65 163
144 193 55 173
144 193 164 119
144 193 161 48
144 193 197 130
144 193 11 47
102 174 87 82
102 174 49 135
102 174 82 1
102 174 44 128
102 174 163 152
102 174 175 20
148 60 64 68
148 60 144 158
148 60 118 158
148 60 82 61
148 60 109 195
148 60 105 143
64 68 181 30
64 68 193 69
64 68 41 72
64 68 174 107
148 164 64 7
148 164 104 191
148 164 42 55
101 169 176 106
101 169 193 61
101 169 41 49
101 169 16 27
101 169 52 177
64 7 101 169
64 7 175 55
64 7 82 61
64 7 86 186
64 7 97 160
64 7 67 113
64 7 62 123
148 172 62 107
148 172 40 179
148 172 5 133
148 172 54 95
148 172 77 36
148 172 10 160
62 107 88 129
62 107 135 189
62 107 42 55
62 107 143 168
148 5 28 139
148 5 79 179
148 5 137 169
148 5 156 32
148 5 107 194
28 139 197 171
28 139 198 28
28 139 128 167
28 139 169 89
28 139 25 64
28 139 136 113
28 139 43 195
28 139 107 170
1 72 40 179
1 72 12 146
1 72 178 199
1 72 13 85
1 72 28 75
40 179 189 198
40 179 185 13
40 179 43 24
40 179 62 182
40 179 19 123
40 179 60 29
1 62 96 177
1 62 74 176
1 62 147 39
1 62 86 159
96 177 196 48
96 177 43 115
96 177 183 13
96 177 48 133
96 177 38 51
96 177 193 69
96 177 1 63
96 177 113 141
1 86 37 75
1 86 141 184
1 86 44 192
1 86 10 27
37 75 42 157
37 75 183 13
37 75 166 66
37 75 194 53
1 40 102 48
1 40 136 195
1 40 35 163
1 40 86 198
102 48 193 61
102 48 193 92
102 48 118 157
102 48 130 78
1 63 66 77
1 63 45 39
1 63 190 105
27 169 138 158
27 169 194 172
27 169 185 13
27 169 187 143
27 169 46 155
27 169 117 159
138 158 181 30
138 158 176 155
138 158 45 192
138 158 120 180
138 158 158 112
138 158 161 48
138 158 103 157
138 158 123 195
66 77 27 169
66 77 178 72
66 77 162 24
66 77 72 111
1 134 66 49
1 134 93 174
66 49 197 42
66 49 199 196
66 49 44 150
66 49 131 78
66 49 177 25
1 143 124 125
1 143 130 23
1 143 54 175
1 143 97 177
1 143 79 109
124 125 98 66
124 125 155 93
124 125 0 8
98 66 194 26
98 66 88 72
98 66 135 161
98 66 104 5
98 66 197 135
98 66 104 33
72 132 57 155
72 132 31 58
72 132 135 157
72 132 196 128
72 132 187 129
57 155 44 192
57 155 180 35
57 155 104 185
57 155 53 171
72 194 68 18
72 194 165 148
68 18 45 192
68 18 190 105
68 18 86 165
68 18 175 20
68 18 175 27
68 18 172 60
72 159 73 72
72 159 56 108
72 159 104 191
51 158 150 70
51 158 110 5
51 158 162 113
51 158 198 28
51 158 167 107
51 158 130 78
51 158 156 32
51 158 110 171
51 158 88 131
73 72 51 158
73 72 86 186
73 72 147 53
73 72 86 155
73 72 54 95
72 111 113 158
72 111 135 176
72 111 168 153
72 111 193 92
72 111 26 121
113 158 47 104
113 158 198 111
113 158 43 24
113 158 198 28
113 158 48 133
113 158 110 171
132 136 35 163
132 136 144 166
132 136 158 97
132 136 148 5
132 136 74 114
35 163 189 28
35 163 173 120
35 163 41 49
35 163 30 94
132 19 54 157
132 19 88 129
74 164 187 86
74 164 142 35
74 164 184 11
74 164 60 111
74 164 48 133
54 157 74 164
54 157 189 28
54 157 197 130
54 157 165 16
54 157 97 174
136 195 36 71
136 195 12 149
136 195 131 168
136 195 197 130
36 71 175 20
36 71 165 50
36 71 143 171
36 71 65 163
36 71 158 97
36 71 10 119
136 197 28 75
136 197 14 84
136 197 136 117
28 75 89 95
28 75 87 94
28 75 193 79
28 75 196 171
28 75 175 156
28 75 118 134
136 37 26 190
136 37 113 158
136 37 39 61
136 37 135 179
26 190 102 171
26 190 89 43
26 190 194 53
26 190 129 136
26 190 73 192
26 190 57 184
102 171 196 128
102 171 55 144
102 171 181 30
102 171 161 48
102 171 162 180
102 171 12 192
102 171 111 155
136 113 33 106
136 113 64 108
136 113 76 185
136 113 46 155
136 113 123 181
74 114 167 26
74 114 42 55
74 114 172 12
74 114 170 90
74 114 117 147
74 114 72 194
33 106 74 114
33 106 184 9
33 106 194 172
33 106 6 34
136 117 80 180
136 117 74 36
136 117 105 140
136 117 104 188
80 180 181 131
80 180 194 63
80 180 184 9
80 180 92 116
80 180 5 133
80 180 158 112
80 180 152 198
136 86 62 170
136 86 43 22
62 170 197 83
62 170 161 164
62 170 175 156
62 170 74 164
62 170 64 180
2 56 62 26
2 56 85 62
62 26 193 79
62 26 69 84
62 26 190 105
62 26 55 173
62 26 176 151
2 90 116 22
2 90 70 50
2 90 143 171
2 90 197 171
116 22 103 80
116 22 143 168
116 22 184 16
116 22 91 49
116 22 55 166
116 22 11 97
2 153 75 156
2 153 9 54
2 153 56 79
2 153 67 175
2 153 199 196
75 156 104 188
75 156 89 10
75 156 164 119
75 156 78 193
2 37 100 172
2 37 80 53
2 37 190 105
2 37 28 41
100 172 189 198
100 172 197 135
100 172 135 179
100 172 135 157
56 108 37 64
56 108 14 106
56 108 118 105
56 108 188 93
37 64 160 14
37 64 181 137
37 64 88 131
37 64 141 160
37 64 65 163
37 64 96 177
56 79 94 178
56 79 14 63
56 79 95 123
56 79 26 149
94 178 190 157
94 178 158 112
94 178 162 113
94 178 183 56
108 141 77 100
108 141 64 68
108 141 168 153
108 141 11 19
108 141 26 190
77 100 162 24
77 100 43 115
77 100 43 46
77 100 19 182
77 100 123 47
108 185 84 168
108 185 88 124
84 168 189 168
84 168 159 68
84 168 192 153
84 168 172 97
84 168 88 13
84 168 197 135
108 21 66 76
108 21 110 175
108 21 83 174
108 21 197 11
100 27 175 156
100 27 44 128
100 27 103 141
100 27 143 168
100 27 172 173
100 27 8 112
100 27 105 140
66 76 100 27
66 76 180 35
66 76 30 88
141 160 64 108
141 160 73 187
141 160 69 164
141 160 108 141
141 160 57 166
25 64 190 105
25 64 189 31
25 64 197 50
25 64 7 51
25 64 38 51
25 64 48 133
64 108 25 64
64 108 160 182
64 108 196 171
64 108 177 111
64 108 103 80
64 108 3 85
141 184 117 159
141 184 123 195
117 159 160 14
117 159 196 48
117 159 194 172
117 159 92 187
141 51 77 172
141 51 60 111
141 51 123 181
141 51 86 168
77 172 81 181
77 172 45 101
77 172 87 82
77 172 74 114
77 172 121 75
77 172 142 151
77 172 70 50
141 158 37 131
141 158 161 48
141 158 147 39
141 158 197 143
37 131 176 151
37 131 175 27
37 131 197 125
37 131 181 137
37 131 55 173
37 131 69 16
37 131 64 68
141 2 100 151
141 2 30 94
141 2 29 100
100 151 48 133
100 151 172 60
100 151 156 115
100 151 19 133
100 151 198 153
141 81 106 165
141 81 92 162
141 81 43 46
141 81 127 151
106 165 190 29
106 165 43 115
106 165 157 44
106 165 137 130
3 70 94 29
3 70 133 171
3 70 197 135
3 70 89 143
3 70 51 122
94 29 89 10
94 29 190 105
94 29 44 151
94 29 187 86
94 29 0 11
94 29 123 47
94 29 148 60
3 85 138 125
3 85 106 65
3 85 60 134
3 85 104 185
3 85 130 163
138 125 167 26
138 125 135 196
138 125 104 33
138 125 166 193
138 125 17 97
3 195 29 100
3 195 175 177
3 195 75 98
3 195 197 135
29 100 197 143
29 100 173 35
29 100 190 126
29 100 111 190
3 32 54 142
3 32 57 166
3 32 17 163
3 32 37 75
62 97 161 164
62 97 176 106
62 97 103 83
62 97 58 139
54 142 62 97
54 142 167 73
54 142 197 125
54 142 172 97
54 142 87 183
54 142 187 143
54 142 138 58
54 142 149 137
3 146 114 19
3 146 117 159
3 146 95 168
114 19 199 70
114 19 82 1
114 19 48 110
114 19 129 120
3 167 57 166
3 167 163 122
3 167 197 42
3 167 86 198
3 167 133 16
57 166 199 191
57 166 81 181
57 166 168 77
57 166 144 2
57 166 38 45
3 191 39 129
3 191 42 157
3 191 45 39
3 191 135 154
3 191 121 75
39 129 190 77
39 129 198 153
39 129 45 39
39 129 8 137
50 145 31 161
50 145 122 186
50 145 24 155
31 161 174 107
31 161 168 153
31 161 194 26
31 161 185 136
31 161 137 161
50 22 65 163
50 22 113 141
65 163 193 69
65 163 189 28
65 163 196 48
65 163 2 90
65 163 16 27
50 95 28 65
50 95 82 117
50 95 0 8
50 95 15 13
28 65 177 25
28 65 197 143
28 65 175 177
28 65 166 143
28 65 64 7
28 65 78 172
28 65 176 155
50 138 116 169
50 138 164 197
50 138 129 157
50 138 108 185
116 169 135 189
116 169 185 13
116 169 89 10
116 169 69 84
116 169 101 169
50 147 40 106
50 147 23 14
50 147 151 29
40 106 142 35
40 106 88 129
40 106 150 70
40 106 48 133
40 106 102 155
70 50 33 116
70 50 7 134
70 50 86 168
70 50 101 167
33 116 160 120
33 116 199 70
33 116 176 137
33 116 170 90
70 165 26 37
70 165 61 73
70 165 112 67
70 165 143 171
70 165 144 148
26 37 167 26
26 37 177 196
26 37 164 119
26 37 114 164
26 37 85 137
26 37 193 92
70 187 54 175
70 187 29 128
70 187 18 11
70 187 29 100
70 187 164 197
54 175 81 194
54 175 199 70
54 175 172 60
54 175 10 27
54 175 50 147
54 175 68 85
54 175 141 81
70 74 25 175
70 74 16 27
70 74 35 77
70 74 18 11
70 74 54 142
25 175 196 136
25 175 49 154
25 175 178 53
25 175 196 162
25 175 25 24
25 175 60 120
145 199 113 121
145 199 163 122
113 121 187 143
113 121 104 185
113 121 192 153
113 121 50 145
113 121 138 125
145 182 94 159
145 182 197 125
145 182 199 70
145 182 5 57
94 159 46 155
94 159 173 120
94 159 151 0
94 159 43 118
145 178 102 10
145 178 102 174
145 178 148 5
145 178 120 180
145 178 125 76
102 10 86 173
102 10 197 50
102 10 164 92
102 10 144 166
102 10 180 94
145 91 77 59
145 91 51 162
145 91 101 91
145 91 79 109
145 91 62 170
77 59 165 16
77 59 143 171
77 59 190 105
77 59 94 178
77 59 20 140
77 59 129 120
4 147 117 124
4 147 171 114
4 147 144 166
117 124 190 142
117 124 197 171
117 124 184 9
117 124 62 170
4 27 66 179
4 27 120 57
66 179 194 15
66 179 175 55
66 179 161 164
66 179 180 129
66 179 83 174
66 179 42 55
66 179 51 122
53 195 71 42
53 195 86 198
53 195 166 193
53 195 95 168
32 121 160 165
32 121 135 54
32 121 104 159
32 121 199 70
71 42 32 121
71 42 118 158
71 42 174 64
71 42 164 197
71 42 52 177
71 42 127 71
71 42 28 14
53 171 77 36
53 171 80 188
53 171 103 69
35 166 44 150
35 166 198 153
35 166 143 121
35 166 141 160
35 166 122 189
77 36 35 166
77 36 197 171
77 36 189 31
77 36 190 77
77 36 83 170
77 36 98 66
53 114 80 53
53 114 88 129
53 114 28 75
53 114 162 180
80 53 135 154
80 53 170 90
80 53 193 92
80 53 84 168
80 53 64 108
80 53 138 195
147 53 113 141
147 53 83 170
29 128 181 131
29 128 135 172
29 128 175 55
29 128 162 24
29 128 181 137
29 128 118 105
29 128 41 110
29 128 113 51
113 141 29 128
113 141 49 135
113 141 176 151
113 141 89 10
147 152 54 95
147 152 72 159
147 152 184 9
147 152 102 155
26 116 40 30
26 116 45 101
26 116 41 27
26 116 135 191
40 30 103 83
40 30 42 55
40 30 118 158
40 30 81 194
40 30 120 57
40 30 141 2
54 95 193 79
54 95 26 116
54 95 86 168
54 95 17 163
54 95 3 146
54 95 154 39
54 95 111 155
147 39 102 69
147 39 100 172
102 69 177 169
102 69 103 80
102 69 160 14
102 69 151 5
102 69 78 109
102 69 85 62
102 69 149 137
5 146 29 134
5 146 69 55
5 146 194 172
29 134 51 162
29 134 104 159
29 134 167 107
29 134 161 48
29 134 137 130
29 134 17 163
29 134 87 82
51 162 43 24
51 162 167 26
51 162 160 182
51 162 130 98
51 162 102 48
51 162 146 159
51 162 113 91
5 133 142 151
5 133 22 175
142 151 143 171
142 151 197 42
142 151 175 177
142 151 102 48
142 151 53 195
5 57 96 28
5 57 197 135
5 57 118 173
96 28 167 73
96 28 104 185
96 28 161 33
96 28 198 28
90 178 124 175
90 178 55 166
90 178 163 152
124 175 188 181
124 175 177 196
124 175 176 151
124 175 113 121
124 175 144 158
124 175 96 193
124 175 0 8
90 172 31 58
90 172 132 136
90 172 79 179
90 172 31 101
31 58 189 67
31 58 118 158
31 58 165 16
31 58 177 169
90 156 101 91
90 156 41 27
90 156 72 132
90 156 14 63
101 91 183 13
101 91 48 57
101 91 151 0
101 91 193 118
101 91 39 61
101 91 74 36
101 91 197 125
146 90 114 32
146 90 176 151
146 90 92 139
114 32 181 109
114 32 193 118
114 32 175 28
114 32 3 32
114 32 135 176
114 32 26 116
146 82 75 59
146 82 47 104
146 82 71 102
75 59 176 137
75 59 166 143
75 59 190 157
75 59 177 196
75 59 103 80
75 59 122 186
146 159 75 98
146 159 34 194
146 159 46 89
146 159 96 177
146 159 144 148
75 98 55 144
75 98 159 68
75 98 151 0
75 98 104 191
75 98 166 66
146 123 65 32
146 123 28 65
146 123 125 76
146 123 147 39
146 123 64 7
65 32 151 0
65 32 190 105
65 32 104 5
65 32 146 162
65 32 89 143
146 162 130 78
146 162 15 7
146 162 26 37
146 162 162 113
130 78 161 150
130 78 193 118
130 78 103 141
130 78 144 158
130 78 140 50
130 78 196 48
6 125 96 193
6 125 86 159
96 193 196 136
96 193 135 183
96 193 135 54
96 193 55 166
96 193 11 151
6 34 32 93
6 34 36 148
6 34 123 83
6 34 90 156
6 34 77 59
32 93 164 119
32 93 43 22
32 93 177 128
32 93 33 63
32 93 189 28
6 133 39 61
6 133 160 186
6 133 163 122
6 133 164 92
6 133 92 162
39 61 104 188
39 61 183 56
39 61 190 77
39 61 112 67
39 61 75 156
76 187 114 164
76 187 119 153
114 164 64 44
114 164 196 162
114 164 86 67
114 164 29 194
114 164 101 167
64 44 174 64
64 44 163 122
64 44 135 172
64 44 135 152
64 44 176 137
64 44 133 102
76 185 36 133
76 185 148 172
76 185 32 197
76 185 57 168
36 133 129 181
36 133 199 191
36 133 82 81
36 133 47 104
36 133 151 29
36 133 20 192
36 133 38 51
76 43 54 184
76 43 131 168
76 43 196 136
76 43 152 44
76 43 71 168
34 138 69 55
34 138 191 175
34 138 161 164
34 138 54 178
34 138 67 175
54 184 34 138
54 184 178 53
54 184 44 128
54 184 152 198
54 184 146 162
76 157 77 50
76 157 198 28
76 157 41 110
76 157 39 129
76 157 133 73
32 113 45 39
32 113 193 118
32 113 177 128
77 50 32 113
77 50 86 163
77 50 103 83
77 50 168 153
77 50 43 46
77 50 181 109
77 50 83 170
76 175 84 51
76 175 71 42
76 175 183 192
76 175 6 34
84 51 85 160
84 51 181 30
84 51 135 157
84 51 51 122
84 51 175 28
84 51 69 16
85 160 49 154
85 160 104 87
85 160 197 130
85 160 69 84
85 160 136 195
85 160 12 65
85 160 165 148
76 71 32 197
76 71 119 39
57 184 166 193
57 184 180 94
57 184 151 29
57 184 102 174
57 184 9 166
32 197 85 137
32 197 178 53
32 197 193 69
32 197 168 77
32 197 86 165
32 197 102 122
32 197 69 164
85 137 57 184
85 137 160 14
85 137 135 183
85 137 196 128
85 137 90 178
85 137 23 14
125 76 71 168
125 76 3 32
71 168 129 136
71 168 143 121
71 168 167 26
71 168 131 168
71 168 183 192
125 13 96 102
125 13 43 195
96 102 167 73
96 102 165 50
96 102 189 168
96 102 32 197
96 102 69 164
96 102 97 171
7 134 39 4
7 134 135 196
7 134 43 24
39 4 135 191
39 4 49 154
39 4 86 168
39 4 42 55
7 51 61 153
7 51 23 76
7 51 106 65
7 51 175 177
7 51 129 120
74 176 161 164
74 176 44 128
74 176 5 146
74 176 25 35
61 153 82 117
61 153 74 176
61 153 172 39
61 153 55 166
61 153 135 183
61 153 23 76
61 153 198 111
61 153 5 146
61 153 167 107
105 166 130 23
105 166 137 130
105 166 123 47
105 166 126 133
130 23 156 32
130 23 150 182
130 23 183 13
130 23 107 170
105 162 24 96
105 162 17 89
24 96 68 176
24 96 161 164
24 96 68 85
24 96 123 67
24 96 177 111
24 96 136 113
68 176 166 193
68 176 197 14
68 176 160 120
68 176 181 109
68 176 135 179
68 176 36 71
68 176 136 117
68 176 131 168
105 143 113 91
105 143 113 121
105 143 92 187
113 91 192 153
113 91 160 182
113 91 151 5
113 91 55 144
113 91 83 127
105 79 80 188
105 79 176 137
105 79 188 56
105 79 183 192
105 79 190 157
80 188 177 128
80 188 176 106
80 188 48 162
80 188 67 185
80 188 93 182
80 188 41 49
80 188 96 102
105 195 59 57
105 195 145 91
105 195 36 133
105 195 7 51
105 195 193 92
59 57 89 10
59 57 197 130
59 57 196 171
59 57 29 194
59 57 32 113
59 57 76 187
105 140 65 169
105 140 135 86
105 140 150 182
105 140 140 95
65 169 88 124
65 169 161 33
65 169 143 168
65 169 144 126
134 105 64 180
134 105 184 9
64 180 110 188
64 180 47 104
64 180 143 168
64 180 123 113
64 180 190 77
64 180 19 182
134 33 110 5
134 33 194 63
134 33 132 136
134 33 2 153
134 33 143 121
134 33 21 79
8 126 28 14
8 126 173 120
8 126 139 113
28 14 165 148
28 14 160 120
28 14 41 49
28 14 8 102
8 102 29 194
8 102 187 143
8 102 24 96
8 102 42 157
8 102 141 2
29 194 181 30
29 194 162 24
29 194 193 69
29 194 6 125
29 194 79 2
29 194 130 98
8 112 171 114
8 112 47 104
8 112 105 166
8 112 86 163
8 112 152 198
8 112 14 84
8 137 192 153
8 137 43 22
8 137 122 190
8 137 67 185
8 137 12 192
8 137 144 193
8 45 154 161
8 45 174 107
8 45 130 163
8 45 114 164
8 45 168 96
8 45 125 76
58 175 103 69
58 175 159 68
58 175 25 24
58 139 103 69
58 139 86 165
58 139 82 1
58 139 33 67
58 7 199 70
58 7 162 180
58 7 35 77
58 7 72 132
58 7 144 148
126 133 181 137
126 133 176 137
126 133 102 174
126 151 104 33
126 151 156 32
126 151 98 65
126 151 43 115
126 151 134 33
126 184 165 148
126 184 135 172
126 184 3 32
126 184 152 44
133 58 180 94
133 58 196 128
133 58 94 178
133 58 79 153
133 58 64 68
133 171 197 171
133 171 158 112
133 171 135 172
133 171 35 163
133 171 121 132
133 171 39 4
133 181 167 83
133 181 181 30
133 181 78 172
133 16 69 16
133 16 187 129
133 16 58 139
133 16 76 157
133 16 60 143
133 16 17 89
133 130 118 158
133 130 44 192
133 130 12 149
133 130 42 55
133 130 44 176
133 102 156 166
133 102 151 0
133 102 46 155
133 102 125 76
133 102 175 156
133 73 135 196
133 73 175 156
133 73 190 142
9 91 128 153
9 91 88 13
9 91 50 145
9 91 9 166
9 166 121 75
9 166 196 171
9 166 193 79
121 75 110 92
121 75 183 192
121 75 82 81
121 75 184 11
9 95 31 101
9 95 190 99
9 95 1 72
9 95 123 47
31 101 135 156
31 101 194 63
31 101 184 9
31 101 9 166
31 101 43 22
31 101 176 155
9 183 175 27
9 183 135 161
9 183 32 113
9 183 196 171
9 74 27 74
9 74 108 185
9 74 8 45
27 74 166 70
27 74 42 157
27 74 103 157
27 74 11 151
27 74 61 73
27 74 130 23
9 54 177 111
9 54 118 105
9 54 42 55
9 54 100 27
9 54 175 156
9 19 189 198
9 19 175 20
9 19 130 23
91 115 86 168
91 115 190 99
91 115 187 143
91 153 193 167
91 153 104 188
91 153 189 198
91 153 157 44
91 77 135 176
91 77 104 191
91 77 174 107
91 49 43 118
91 49 46 89
91 49 189 67
91 49 72 194
91 121 121 132
91 121 154 161
91 121 50 147
91 121 117 159
91 121 144 166
121 132 168 153
121 132 128 72
121 132 189 28
121 132 156 115
91 196 190 77
91 196 169 18
91 196 111 160
115 122 86 186
115 122 135 176
115 122 29 128
122 190 48 162
122 190 43 46
122 190 98 65
122 190 149 169
122 186 44 176
122 186 176 155
122 186 97 160
122 186 54 95
122 186 182 183
122 186 122 189
122 189 194 63
122 189 175 156
122 189 90 172
122 189 138 195
122 189 96 28
10 131 179 43
10 131 189 31
10 131 19 182
10 160 89 95
10 160 154 39
10 160 39 4
10 160 66 80
10 160 93 182
10 160 37 131
10 119 62 182
10 119 38 130
62 182 173 120
62 182 165 16
62 182 194 26
62 182 139 170
62 182 146 82
62 182 177 128
10 27 135 196
10 27 197 171
10 27 124 125
10 27 144 148
10 27 194 172
10 27 138 125
78 193 86 198
78 193 82 135
78 193 106 165
78 193 48 162
78 193 150 70
78 193 116 162
78 192 181 137
78 192 82 61
78 192 54 95
78 192 11 62
78 192 56 79
78 6 104 185
78 6 48 57
78 6 60 110
78 172 88 129
78 172 197 14
78 172 36 133
78 172 133 130
78 109 74 51
78 109 44 151
78 109 106 165
78 109 142 35
78 109 102 174
74 51 47 158
74 51 176 106
74 51 135 91
74 51 38 45
74 51 25 64
131 78 33 63
131 78 172 39
33 63 181 82
33 63 82 117
33 63 190 99
33 63 139 170
33 63 95 96
33 63 52 174
33 63 24 155
131 168 135 86
131 168 151 29
131 168 198 111
131 168 16 119
131 168 16 78
131 168 135 161
11 107 166 66
11 107 135 86
11 107 66 23
11 19 43 115
11 19 190 157
11 19 73 187
11 19 172 173
11 19 91 115
11 19 105 166
11 97 197 42
11 97 165 16
11 97 79 153
11 97 97 177
11 62 176 106
11 62 170 90
11 62 40 106
11 62 53 114
11 62 77 59
11 47 110 171
11 47 189 198
11 47 174 107
11 47 160 182
11 151 199 196
11 151 167 83
11 151 152 44
11 151 32 113
11 151 66 179
11 151 10 27
107 170 173 35
107 170 46 155
107 170 138 197
107 194 181 131
107 194 181 30
107 194 95 123
107 194 102 122
107 38 160 70
107 38 190 142
107 38 144 193
107 38 118 158
12 149 66 23
12 149 154 161
12 149 150 70
138 195 43 118
138 195 154 161
138 195 144 148
66 23 138 195
66 23 197 143
66 23 104 188
66 23 160 186
66 23 167 73
66 23 170 24
66 23 137 161
12 155 86 155
12 155 197 135
12 155 188 163
12 155 54 142
12 155 60 134
12 155 86 198
12 192 194 172
12 192 44 192
12 192 89 43
12 192 54 175
12 146 193 118
12 146 171 114
12 146 82 81
12 146 91 77
12 146 133 16
12 65 164 197
12 65 167 107
12 65 91 49
12 65 118 50
137 197 48 162
137 197 161 33
137 197 36 148
137 197 141 160
137 166 38 130
137 166 91 49
137 166 194 26
137 166 36 71
137 166 133 58
28 21 196 80
28 21 177 196
28 21 159 68
28 21 26 190
38 130 28 21
38 130 181 82
38 130 46 155
38 130 135 176
38 130 157 151
38 130 190 142
38 130 104 159
137 130 173 120
137 130 176 137
137 130 3 195
137 130 88 129
137 130 26 190
137 161 183 192
137 161 135 157
137 161 102 10
137 169 48 110
137 169 104 185
137 169 6 133
137 169 67 175
137 169 138 195
137 45 30 88
137 45 10 27
137 45 151 5
137 45 32 93
30 88 189 67
30 88 42 157
30 88 104 188
30 88 152 198
30 88 7 51
30 88 25 117
149 137 41 49
149 137 165 50
149 137 137 166
149 169 181 30
149 169 81 181
149 169 140 50
13 139 114 88
13 139 187 86
13 139 172 60
114 88 103 69
114 88 42 157
114 88 151 5
114 88 111 164
114 88 187 143
114 88 93 152
114 88 170 90
13 85 129 181
13 85 43 22
13 85 27 118
109 195 173 120
109 195 190 127
109 195 104 159
109 83 172 12
109 83 188 93
109 83 9 54
109 83 199 196
109 83 100 151
109 83 141 184
109 150 61 73
109 150 197 15
109 150 119 39
109 150 94 0
61 73 82 21
61 73 190 105
61 73 197 130
61 73 33 63
61 73 67 113
139 109 113 51
139 109 197 171
113 51 44 176
113 51 156 115
113 51 190 77
113 51 104 159
113 51 25 175
113 51 64 108
113 51 103 80
139 170 86 165
139 170 118 105
139 170 87 82
139 113 184 98
139 113 196 171
139 113 172 12
139 113 144 166
139 113 21 79
139 113 25 117
14 99 41 72
14 99 179 43
14 99 105 195
14 99 194 86
14 63 135 183
14 63 168 96
14 63 164 32
14 63 190 126
14 63 65 32
14 63 175 27
14 38 183 192
14 38 160 182
14 38 54 178
14 38 35 166
14 38 5 146
14 38 138 158
14 106 179 43
14 106 45 39
14 106 91 153
14 106 76 157
14 55 138 58
14 55 172 97
14 55 197 61
14 55 144 193
14 55 101 91
138 58 194 172
138 58 181 82
138 58 179 43
138 58 178 29
138 58 79 2
14 84 74 36
14 84 128 153
14 84 104 159
14 84 1 86
14 84 136 37
74 36 189 67
74 36 178 72
74 36 197 14
74 36 9 19
74 36 177 196
74 36 175 28
14 147 34 194
14 147 88 129
34 194 160 70
34 194 193 118
34 194 160 120
34 194 11 62
34 194 113 51
34 194 102 48
99 127 193 167
99 127 197 143
99 127 9 54
99 127 197 125
99 132 163 122
99 132 180 94
99 132 43 46
99 132 73 192
99 18 25 24
99 18 135 196
99 18 40 106
25 24 104 188
25 24 157 151
25 24 161 48
25 24 45 101
127 193 118 50
127 193 175 177
127 193 4 27
127 178 112 110
127 178 61 73
127 178 160 182
112 110 47 104
112 110 181 30
112 110 45 101
112 110 87 183
112 110 6 125
127 71 101 167
127 71 132 19
127 71 135 154
127 71 180 129
127 71 170 24
101 167 135 191
101 167 190 127
101 167 41 72
101 167 90 178
127 151 116 162
127 151 99 132
127 151 177 50
127 151 121 132
116 162 173 95
116 162 177 111
116 162 110 171
116 162 75 2
116 162 178 29
116 162 196 171
127 173 117 147
127 173 59 34
127 173 135 161
117 147 188 93
117 147 129 181
117 147 150 70
117 147 97 160
117 147 57 184
15 93 158 97
15 93 157 151
15 93 59 57
15 61 36 148
15 61 37 75
15 61 45 103
36 148 174 65
36 148 178 72
36 148 178 29
36 148 147 39
15 7 86 155
15 7 88 129
15 7 65 32
15 7 41 72
15 7 119 153
15 7 37 75
15 33 171 114
15 33 128 72
15 33 182 183
15 33 24 155
15 33 175 177
15 33 98 66
15 13 176 106
15 13 82 164
15 13 135 91
15 13 193 167
15 13 134 105
93 174 181 82
93 174 176 38
93 174 22 49
93 182 190 29
93 182 160 186
93 182 157 151
93 182 127 173
93 182 196 136
93 182 81 181
93 152 51 122
93 152 48 162
93 152 8 137
93 152 66 49
51 122 82 61
51 122 118 139
51 122 88 131
51 122 73 72
51 122 189 198
51 122 193 92
16 119 197 11
16 119 153 146
16 119 152 44
16 119 146 159
16 119 12 65
16 119 191 175
16 38 77 84
16 38 90 172
77 84 86 163
77 84 160 120
77 84 181 82
77 84 13 139
77 84 123 67
16 112 135 172
16 112 151 5
16 112 104 191
16 27 26 121
16 27 66 23
26 121 164 32
26 121 196 80
26 121 154 161
26 121 140 95
26 121 64 44
16 78 118 157
16 78 188 56
16 78 144 193
16 78 114 164
16 78 72 194
119 152 33 67
119 152 137 166
119 152 97 195
119 152 54 142
119 152 80 53
33 67 180 94
33 67 44 192
33 67 41 27
33 67 103 40
33 67 77 100
33 67 37 131
119 153 94 181
119 153 194 26
119 153 140 6
94 181 167 26
94 181 177 25
94 181 86 165
94 181 41 49
94 181 189 198
94 181 144 166
94 181 0 6
119 39 43 46
119 39 160 14
119 39 106 65
119 39 102 171
17 97 86 159
17 97 104 185
17 97 60 29
17 89 130 98
17 89 66 23
17 89 131 78
130 98 86 173
130 98 89 143
130 98 177 169
130 98 58 7
130 98 144 193
17 163 174 64
17 163 82 21
17 163 167 26
97 171 106 65
97 171 74 51
97 171 72 132
97 171 189 198
106 65 103 40
106 65 118 50
106 65 166 143
106 65 142 151
106 65 67 113
97 177 120 57
97 177 190 105
97 177 144 166
97 174 87 82
97 174 189 67
97 174 73 187
97 195 157 44
97 195 43 115
97 195 189 31
97 160 199 191
97 160 118 157
97 160 14 55
97 160 152 198
97 160 65 163
18 92 28 41
18 92 78 6
18 92 88 129
18 92 82 61
28 41 55 166
28 41 103 80
28 41 188 163
28 41 184 11
28 41 133 130
28 41 183 192
18 11 154 161
18 11 103 69
18 11 65 32
18 11 52 95
92 162 157 151
92 162 173 95
92 162 58 139
92 162 57 166
92 162 27 74
92 187 65 171
92 187 28 75
65 171 197 50
65 171 197 61
65 171 176 38
65 171 12 146
92 116 38 51
92 116 76 71
92 116 95 195
92 116 149 169
92 116 136 195
38 51 159 68
38 51 151 0
38 51 118 134
38 51 45 39
38 51 5 146
38 51 8 45
38 51 43 22
92 139 172 60
92 139 179 142
92 139 5 146
19 123 196 171
19 123 157 44
19 123 135 150
19 123 39 4
19 182 94 0
19 182 143 171
19 182 155 93
19 182 144 166
94 0 196 136
94 0 188 56
94 0 120 180
94 0 39 61
19 164 199 196
19 164 175 20
19 164 166 193
19 164 196 171
19 164 158 97
19 164 153 146
19 133 120 180
19 133 104 102
19 133 66 49
19 133 52 174
19 133 118 139
19 45 35 77
19 45 69 55
19 45 96 193
35 77 161 48
35 77 44 128
35 77 89 43
35 77 17 97
19 70 44 192
19 70 43 46
19 70 82 164
83 174 89 143
83 174 43 22
83 174 194 63
83 174 0 11
83 174 123 47
83 127 187 129
83 127 142 35
83 127 135 91
83 127 35 163
83 112 103 83
83 112 196 128
83 112 32 121
83 112 20 140
83 170 86 155
83 170 120 57
83 170 158 97
83 170 104 102
83 170 76 175
83 170 79 94
123 83 41 110
123 83 135 156
123 83 17 97
123 83 86 155
123 83 170 90
123 181 180 35
123 181 88 98
123 181 19 123
123 181 136 37
123 181 72 159
123 181 68 18
123 113 59 43
123 113 135 156
59 43 41 49
59 43 166 143
59 43 199 196
59 43 59 34
59 43 29 128
59 43 28 65
123 195 197 171
123 195 88 78
123 195 9 183
123 195 180 35
123 195 169 18
123 67 189 168
123 67 87 94
123 67 101 167
123 67 39 4
123 67 50 145
123 47 42 157
123 47 135 161
123 47 32 113
123 47 28 65
20 140 199 70
20 140 190 157
20 140 176 38
20 192 82 81
20 192 189 67
20 192 68 85
20 192 84 168
20 192 167 73
20 192 141 51
20 31 174 64
20 31 69 16
20 31 194 53
20 31 82 1
20 31 89 143
20 31 73 192
20 115 59 34
20 115 138 195
20 115 193 118
20 115 79 94
59 34 187 143
59 34 118 105
59 34 178 139
59 34 197 125
59 34 105 166
95 195 135 189
95 195 150 70
95 195 10 119
95 195 123 67
95 195 172 173
95 195 69 164
95 168 161 164
95 168 143 168
95 168 143 171
95 168 36 148
95 168 137 161
95 88 73 187
95 88 104 5
73 187 189 168
73 187 196 80
73 187 55 166
73 187 5 133
73 187 196 48
73 187 113 121
73 187 150 70
95 96 181 82
95 96 185 13
95 96 72 132
95 123 177 111
95 123 199 196
95 123 104 188
95 144 189 198
95 144 88 72
95 144 69 164
140 95 159 68
140 95 176 151
140 95 123 67
140 95 141 158
140 6 142 35
140 6 174 64
140 6 38 130
140 50 135 152
140 50 196 80
140 50 128 167
21 79 26 46
21 79 53 171
21 79 40 30
21 79 6 34
21 79 183 56
26 46 177 196
26 46 192 153
26 46 197 83
26 46 45 39
26 46 139 113
26 46 110 5
26 46 176 151
21 193 41 72
21 193 69 55
21 193 189 168
21 193 32 121
21 193 112 197
21 193 0 144
79 153 174 64
79 153 43 118
79 153 133 73
79 153 95 144
79 179 181 30
79 179 120 57
79 179 138 184
79 179 26 190
79 179 127 193
79 179 166 70
79 2 143 171
79 2 190 126
79 2 194 172
79 2 28 139
79 2 94 181
79 2 92 139
79 109 104 159
79 109 104 102
79 109 137 130
79 109 26 121
79 109 60 143
79 94 151 0
79 94 168 77
79 94 119 39
79 94 32 197
79 94 15 7
79 186 41 88
79 186 165 50
79 186 183 192
79 186 16 38
79 186 126 184
79 186 168 153
22 52 65 30
22 52 97 171
22 52 32 160
22 52 53 195
65 30 170 30
65 30 88 129
65 30 43 195
65 30 50 22
65 30 154 39
22 175 189 198
22 175 86 173
22 175 190 105
22 175 73 192
22 49 69 16
22 49 170 30
22 49 46 89
22 49 129 136
22 49 133 171
22 49 172 173
52 174 197 15
52 174 164 32
52 174 22 175
52 177 138 184
52 177 37 23
138 184 135 183
138 184 41 72
138 184 193 79
138 184 170 30
52 95 135 150
52 95 89 95
52 95 89 143
52 95 8 137
52 95 128 72
52 95 18 92
23 63 150 70
23 63 41 49
23 63 82 117
23 90 112 87
23 90 40 106
23 90 12 149
23 90 62 123
23 90 11 19
112 87 66 80
112 87 110 92
112 87 120 180
112 87 135 176
112 87 8 45
66 80 86 168
66 80 104 191
66 80 135 152
66 80 151 5
66 80 118 50
66 80 9 19
23 120 161 164
23 120 103 141
23 120 117 159
23 120 109 195
23 120 125 76
23 120 104 87
23 14 27 118
23 14 193 61
23 14 87 183
23 14 15 93
27 118 69 55
27 118 191 175
27 118 118 105
27 118 23 76
23 76 171 114
23 76 183 56
23 76 118 50
23 76 71 102
23 76 109 83
63 112 86 155
63 112 165 148
63 112 168 96
63 112 66 76
63 77 162 113
63 77 188 181
63 77 48 162
63 77 104 87
63 77 148 60
63 197 194 172
63 197 89 10
63 197 41 49
63 197 164 119
63 197 60 111
63 181 142 137
63 181 119 39
63 181 79 94
63 181 65 169
142 137 177 196
142 137 46 89
142 137 196 48
142 137 160 165
142 137 185 13
142 137 160 182
142 137 76 175
67 185 179 142
67 185 86 159
67 185 49 135
67 185 109 83
67 175 75 2
67 175 11 107
67 175 11 97
67 175 31 58
67 175 142 151
75 2 175 177
75 2 89 143
75 2 164 119
75 2 55 144
75 2 111 155
75 2 184 9
75 2 128 167
67 113 110 171
67 113 180 35
67 113 37 131
67 113 116 162
67 35 165 148
67 35 190 29
67 35 96 191
67 35 36 148
67 35 89 143
67 35 138 125
112 67 120 57
112 67 198 153
112 67 104 5
112 67 123 181
112 67 96 177
112 67 46 155
112 197 168 153
112 197 42 55
112 197 88 131
112 197 88 78
112 197 88 98
112 197 88 13
112 197 88 72
112 197 129 120
112 197 129 157
112 197 55 173
112 197 43 24
112 197 43 195
112 197 43 22
112 197 118 139
112 197 118 173
112 197 118 134
112 197 44 151
112 197 128 167
112 197 128 72
112 197 45 103
112 197 45 101
112 197 69 164
112 197 69 84
112 197 103 157
112 197 103 141
112 197 46 89
112 197 89 43
112 197 89 166
112 197 143 168
112 197 143 121
112 197 82 1
112 197 82 135
112 197 82 117
112 197 82 164
112 197 87 183
112 197 87 94
112 197 104 87
112 197 104 5
112 197 104 102
112 197 48 57
112 197 110 175
112 197 49 135
112 197 86 67
112 197 135 161
112 197 135 179
112 197 135 157
112 197 135 54
112 197 135 91
112 197 150 182
112 197 151 5
112 197 151 29
112 197 152 198
112 197 152 44
112 197 153 146
112 197 154 39
112 197 155 93
112 197 156 115
112 197 158 112
112 197 160 186
112 197 160 182
112 197 161 33
112 197 162 180
112 197 163 152
112 197 165 50
112 197 165 7
112 197 166 143
112 197 167 107
112 197 168 77
112 197 168 96
112 197 169 18
112 197 169 89
112 197 170 24
112 197 170 90
112 197 172 39
112 197 172 97
112 197 172 173
112 197 175 28
112 197 176 155
112 197 176 38
112 197 177 50
112 197 178 199
112 197 178 53
112 197 178 72
112 197 178 139
112 197 178 29
112 197 180 129
112 197 181 101
112 197 182 183
112 197 183 56
112 197 184 16
112 197 184 9
112 197 184 11
112 197 185 13
112 197 185 136
112 197 188 56
112 197 188 163
112 197 190 126
112 197 190 127
112 197 190 105
112 197 190 99
112 197 191 175
112 197 193 92
112 197 194 53
112 197 194 86
112 197 196 162
112 197 197 61
112 197 197 125
112 197 197 135
112 197 197 14
112 197 197 130
112 197 198 153
112 197 198 28
112 197 198 196
112 197 198 111
112 197 199 141
112 197 95 168
142 35 67 185
142 35 150 70
41 88 139 170
41 49 83 170
41 110 94 0
41 72 173 35
41 72 23 120
41 27 87 82
88 129 105 140
88 124 102 48
88 124 33 106
88 131 132 136
88 78 180 35
88 98 199 191
88 13 24 155
88 72 0 6
120 180 72 194
120 180 153 146
120 57 77 100
129 120 180 129
129 120 96 28
129 157 28 14
129 181 9 19
129 136 180 129
129 136 99 132
42 55 173 120
42 157 55 173
42 157 119 153
55 166 111 155
55 173 52 174
55 173 137 166
55 144 110 5
43 118 58 139
43 118 35 166
43 24 36 148
43 24 29 134
43 195 42 157
43 195 77 100
43 22 65 30
43 46 177 111
43 46 123 67
43 115 60 134
43 115 137 45
118 158 134 105
118 158 70 187
118 157 34 194
118 139 82 164
118 173 55 173
118 105 41 110
118 50 1 134
118 134 92 116
118 134 184 98
44 128 199 191
44 151 29 194
44 192 35 77
44 192 133 73
44 150 111 190
44 150 26 37
44 176 60 110
128 167 25 24
128 167 73 192
128 153 94 159
128 153 123 47
128 153 104 188
128 72 124 125
128 72 0 6
128 72 197 14
128 72 45 192
45 103 5 133
45 39 187 143
45 39 197 61
45 39 18 92
45 192 194 26
45 192 43 118
45 192 146 123
45 101 119 152
45 101 86 173
45 101 147 53
45 101 144 126
69 164 3 85
69 84 21 79
69 84 105 195
69 84 128 167
69 84 15 93
69 16 20 115
69 16 31 161
69 16 56 108
69 55 41 110
69 55 1 134
69 55 111 160
103 69 16 78
103 69 60 134
103 69 84 16
103 69 93 174
103 157 184 11
103 157 125 13
103 157 139 170
103 157 10 131
103 83 11 97
103 80 135 156
103 80 62 26
103 80 51 122
103 141 43 118
103 141 28 14
103 141 97 195
103 141 57 155
103 40 180 35
103 40 2 37
46 89 97 174
46 89 150 70
46 89 167 83
46 155 194 15
46 155 133 58
46 155 178 29
46 155 149 137
89 143 127 193
89 143 74 51
89 143 90 178
89 143 28 41
89 10 92 187
89 10 121 75
89 43 28 14
89 95 78 6
89 95 146 90
89 95 178 139
89 95 66 23
89 166 105 166
143 171 113 51
143 171 88 72
143 171 23 120
143 168 65 32
143 168 154 39
143 121 97 174
143 121 68 18
143 121 97 195
47 104 114 32
47 104 43 195
47 104 175 28
47 104 25 117
47 158 26 149
47 158 113 91
47 158 96 193
81 194 85 137
81 194 24 155
81 194 82 164
81 194 45 101
81 181 82 117
81 181 118 157
81 181 91 121
82 81 190 77
82 81 166 193
82 1 138 195
82 1 152 44
82 1 133 181
82 1 129 136
82 135 181 137
82 135 41 49
82 135 36 71
82 117 135 154
82 117 135 152
82 117 72 194
82 21 86 159
82 61 150 182
82 61 142 151
82 61 19 182
82 61 33 63
82 164 23 120
87 82 42 55
87 183 180 129
87 94 150 182
87 94 64 180
87 94 105 140
87 94 31 101
104 87 38 51
104 87 82 1
104 87 65 171
104 188 45 103
104 191 198 28
104 191 89 10
104 191 77 50
104 191 137 166
104 185 26 46
104 185 170 30
104 185 151 0
104 5 75 156
104 5 181 109
104 5 1 134
104 5 14 106
104 159 133 171
104 159 97 171
104 102 101 167
104 33 174 65
104 33 88 13
48 110 108 21
48 110 176 106
48 110 197 14
48 133 133 130
48 133 65 30
48 57 122 190
48 57 135 189
48 57 149 169
48 162 189 198
110 175 190 29
110 175 133 181
110 175 172 97
110 188 89 143
110 188 60 29
110 171 175 28
110 171 26 37
110 171 126 184
110 171 12 192
110 5 114 88
110 5 181 101
110 92 177 25
110 92 197 14
110 92 137 166
110 92 13 85
49 135 144 193
49 135 80 53
49 135 176 38
49 154 103 80
49 154 29 194
49 154 102 48
49 154 88 124
86 163 192 153
86 163 145 91
86 163 0 6
86 198 0 8
86 198 11 107
86 198 94 29
86 198 198 28
86 186 135 154
86 173 174 65
86 165 20 31
86 165 86 67
86 165 154 39
86 165 188 163
86 155 9 91
86 155 45 39
86 155 75 2
86 159 135 156
86 159 46 155
86 159 64 108
86 159 188 93
86 168 151 0
86 168 177 50
86 168 26 149
86 168 30 88
86 67 14 147
86 67 65 32
86 67 185 13
86 67 174 64
135 154 5 146
135 154 123 181
135 161 3 146
135 161 61 153
135 86 189 168
135 156 26 37
135 156 141 2
135 196 1 134
135 196 101 167
135 172 191 175
135 172 170 30
135 172 11 107
135 150 134 33
135 150 147 53
135 176 168 96
135 176 11 151
135 176 86 155
135 176 102 122
135 179 104 33
135 179 162 24
135 179 69 16
135 179 197 42
135 183 68 176
135 183 12 155
135 183 94 159
135 183 6 133
135 157 102 122
135 157 79 179
135 157 54 95
135 157 37 23
135 189 16 27
135 189 43 118
135 191 38 130
135 191 26 149
135 191 137 197
135 54 92 116
135 152 28 139
135 152 197 14
135 152 86 159
135 91 54 95
135 91 174 65
150 70 167 73
150 70 95 168
150 70 73 72
150 70 60 29
150 182 197 11
150 182 135 179
151 5 145 178
151 5 77 84
151 5 54 184
151 29 165 50
151 29 89 143
151 0 20 115
151 0 86 165
151 0 24 96
151 0 8 126
152 198 36 133
152 198 135 189
152 198 33 63
152 44 84 168
152 44 31 101
152 44 156 166
153 146 120 57
153 146 87 183
153 146 127 178
154 39 58 175
154 161 9 74
154 161 103 83
155 93 14 38
156 32 63 112
156 115 173 35
156 166 19 70
156 166 93 174
156 166 106 54
156 166 88 131
157 151 0 11
157 151 135 156
157 151 44 128
157 44 2 90
158 112 176 38
158 112 122 190
158 112 92 116
158 97 19 123
158 97 147 39
158 97 145 91
159 68 197 135
160 186 70 50
160 186 55 173
160 120 11 107
160 120 138 184
160 14 88 78
160 14 113 141
160 182 177 25
160 165 193 61
160 70 110 5
161 164 32 197
161 164 193 167
161 33 110 92
161 33 139 170
161 33 14 147
161 33 177 196
161 48 114 88
161 48 36 133
161 48 60 29
161 150 20 140
161 150 106 54
162 180 127 151
162 113 27 74
162 24 26 190
163 152 9 166
163 152 0 6
163 122 105 166
163 122 176 106
164 119 3 85
164 119 173 35
164 92 57 184
164 92 127 71
164 92 156 115
164 92 184 9
164 32 161 48
164 197 135 183
164 197 11 107
164 197 80 180
165 50 76 187
165 50 103 80
165 16 78 6
165 16 41 72
165 16 45 101
165 16 170 24
165 148 118 105
165 148 133 58
165 148 196 128
165 148 146 123
165 7 36 71
166 143 26 116
166 143 45 192
166 66 16 38
166 193 67 175
166 193 181 30
166 193 175 20
166 193 37 131
166 70 130 98
166 70 164 92
166 70 118 173
167 73 144 2
167 73 149 137
167 73 64 44
167 73 57 155
167 26 189 168
167 83 118 157
167 83 102 122
167 83 113 51
167 83 167 26
167 107 22 49
167 107 82 81
167 107 62 182
168 153 69 55
168 77 178 53
168 96 54 142
168 96 78 193
169 18 93 174
169 18 70 187
169 89 7 51
169 89 88 131
170 30 11 47
170 30 194 26
170 30 145 182
170 30 11 97
170 24 133 58
170 24 103 80
170 24 146 123
170 90 82 135
170 90 75 98
170 90 20 140
170 90 36 71
171 114 181 30
172 12 190 157
172 12 28 41
172 12 164 92
172 60 110 171
172 60 102 48
172 60 73 72
172 39 25 175
172 39 39 61
172 39 189 198
172 97 156 32
172 173 66 80
172 173 131 78
172 173 193 69
172 173 197 125
173 95 0 144
173 95 11 107
173 95 29 134
173 95 7 51
173 120 57 155
173 120 103 69
173 120 10 119
173 35 145 91
174 64 132 19
174 64 65 30
174 64 162 180
174 64 190 126
174 107 177 25
174 107 69 164
174 107 94 0
174 65 86 163
174 65 48 110
174 65 130 23
174 65 57 155
175 156 118 105
175 156 1 63
175 28 135 154
175 28 43 46
175 28 130 78
175 27 77 84
175 27 134 105
175 27 104 87
175 177 135 54
175 20 183 13
175 20 118 157
175 20 133 73
175 55 138 184
175 55 73 192
175 55 36 148
176 151 3 191
176 155 36 148
176 137 172 97
176 137 86 173
176 137 174 65
176 137 146 123
176 106 105 140
176 106 32 121
176 106 157 44
176 106 4 147
176 38 65 163
176 38 82 21
177 169 13 85
177 169 83 112
177 169 122 186
177 111 74 36
177 111 26 190
177 111 8 112
177 128 130 163
177 128 28 14
177 128 53 171
177 196 165 148
177 196 123 83
177 196 147 39
177 25 196 80
177 25 102 174
177 25 140 6
177 50 16 78
177 50 97 195
177 50 39 4
178 199 26 46
178 53 126 133
178 53 199 70
178 72 187 143
178 72 178 139
178 72 123 195
178 72 174 65
178 139 94 181
178 29 46 89
178 29 25 35
178 29 85 137
178 29 130 163
179 43 138 197
179 43 69 16
179 43 11 47
179 43 25 35
179 142 183 56
179 142 174 65
180 129 37 23
180 129 144 158
180 94 51 162
180 35 135 172
180 35 95 168
181 131 106 165
181 82 33 116
181 82 32 197
181 82 65 171
181 82 16 119
181 82 168 153
181 82 163 152
181 137 142 137
181 30 65 171
181 30 142 151
181 101 3 32
181 101 34 194
181 101 118 157
181 109 158 97
181 109 75 59
181 109 97 195
181 109 59 57
181 109 60 111
181 109 2 153
182 183 22 49
182 183 82 1
182 183 26 189
182 183 197 83
182 183 137 169
182 183 111 190
183 13 37 25
183 13 110 92
183 192 45 192
183 56 78 6
183 56 127 178
183 56 141 81
183 56 194 63
184 98 54 175
184 98 79 94
184 16 77 172
184 9 48 110
184 9 116 22
184 9 37 25
184 11 89 143
184 11 8 112
184 11 144 68
184 11 104 33
184 11 32 93
185 13 176 155
185 13 142 151
185 136 49 154
185 136 14 106
185 136 62 123
185 136 149 137
185 136 60 143
187 86 46 155
187 129 199 196
187 129 96 191
187 129 32 160
187 129 31 101
187 129 190 99
187 143 103 80
187 143 67 175
187 143 100 27
187 143 197 143
187 143 107 170
188 181 175 28
188 181 78 172
188 181 25 24
188 181 17 163
188 181 114 164
188 93 31 58
188 93 197 14
188 93 40 30
188 56 130 163
188 56 135 189
188 56 91 121
188 163 130 163
189 198 79 186
189 198 174 107
189 198 19 133
189 198 54 184
189 67 138 158
189 67 101 91
189 28 129 120
189 168 16 112
189 168 197 83
189 31 59 57
190 126 30 94
190 126 9 54
190 157 43 24
190 157 88 129
190 157 109 150
190 157 194 86
190 127 190 157
190 127 169 18
190 127 43 24
190 127 187 129
190 127 135 150
190 127 117 147
190 105 199 70
190 105 190 77
190 105 158 112
190 105 33 116
190 105 85 137
190 77 1 134
190 142 39 61
190 29 8 45
190 29 175 20
190 29 73 192
190 99 143 121
190 99 60 143
190 99 46 155
191 175 9 54
192 153 163 122
192 153 33 67
192 153 136 86
193 118 130 98
193 118 199 191
193 118 18 11
193 79 105 166
193 79 147 39
193 79 187 86
193 79 132 19
193 79 67 113
193 79 142 151
193 79 133 16
193 79 121 132
193 69 33 116
193 69 190 127
193 69 80 53
193 167 28 21
193 167 168 153
193 61 83 170
193 61 188 163
193 92 172 39
193 92 120 180
193 92 23 14
194 26 82 117
194 26 111 190
194 26 25 24
194 53 135 152
194 53 14 99
194 53 177 169
194 53 198 111
194 53 196 162
194 53 175 55
194 53 50 147
194 53 163 122
194 15 117 159
194 86 111 155
194 86 95 144
194 86 94 159
194 86 154 39
194 86 143 168
194 63 135 91
194 63 176 38
194 172 29 100
194 172 36 133
196 136 30 88
196 136 134 33
196 136 177 25
196 136 7 134
196 136 82 21
196 136 188 93
196 136 35 163
196 136 73 192
196 171 95 195
196 171 0 6
196 171 127 151
196 171 163 122
196 171 147 53
196 128 15 33
196 128 21 193
196 128 83 174
196 128 119 39
196 128 136 37
196 128 127 178
196 162 193 167
196 162 174 107
196 162 197 130
196 162 197 14
196 162 196 48
196 162 3 191
196 48 110 175
196 48 97 195
196 48 111 160
196 48 54 43
196 48 109 83
196 48 73 192
196 48 160 182
196 48 45 101
196 80 82 164
196 80 26 37
196 80 116 169
196 80 85 62
196 80 63 112
196 80 109 195
197 61 72 159
197 61 136 117
197 61 33 116
197 125 97 195
197 143 177 128
197 143 118 173
197 143 12 65
197 143 97 174
197 143 111 155
197 143 32 93
197 143 164 32
197 143 84 16
197 135 164 32
197 135 31 101
197 135 38 45
197 135 3 167
197 135 101 167
197 135 131 168
197 135 155 93
197 14 25 24
197 14 16 119
197 14 41 49
197 14 55 166
197 14 184 9
197 14 183 192
197 14 131 168
197 11 113 91
197 11 60 110
181 137 106 54
178 199 106 54
129 157 106 54
164 119 106 54
161 48 106 54
62 123 0 6
177 196 0 6
128 153 62 123
184 98 62 123
103 80 62 123
97 195 62 123
96 28 62 123
127 151 62 123
28 41 62 123
72 159 62 123
26 149 0 11
5 146 0 11
81 194 0 11
25 64 0 11
135 176 26 189
180 35 26 189
43 195 26 189
193 69 26 189
14 106 26 189
32 197 26 189
19 133 26 189
165 50 26 149
26 189 26 149
41 88 26 149
55 144 26 149
139 170 26 149
129 120 26 149
181 82 26 149
161 164 26 149
25 35 0 141
190 157 0 141
86 163 25 35
198 111 25 35
104 102 25 35
53 114 25 35
122 190 25 35
177 169 25 35
124 175 25 35
37 23 60 111
134 33 60 111
68 85 60 111
100 172 60 111
57 155 60 111
161 150 37 23
183 192 37 23
118 173 37 23
41 88 37 23
19 45 37 23
63 112 37 23
102 122 60 29
42 157 60 29
106 65 60 29
26 121 60 29
172 97 60 29
17 163 60 29
151 5 60 29
161 48 102 122
189 168 102 122
103 157 102 122
21 193 102 122
177 169 102 122
75 59 102 122
152 44 102 122
94 159 102 122
80 53 102 122
25 117 60 110
97 195 60 110
105 195 60 110
50 22 60 110
167 83 60 110
113 168 60 110
168 153 60 110
104 185 25 117
199 196 25 117
197 143 25 117
64 44 25 117
135 154 25 117
136 195 25 117
0 6 25 117
170 24 25 117
17 89 25 117
84 16 60 123
69 16 60 123
29 134 60 123
189 67 84 16
197 135 84 16
175 177 84 16
6 125 84 16
102 69 84 16
36 71 84 16
102 155 60 120
180 94 60 120
118 173 60 120
94 0 60 120
77 100 60 120
28 41 60 120
104 188 60 120
187 86 138 197
197 143 138 197
118 158 138 197
180 35 138 197
95 168 138 197
129 136 138 197
134 105 138 197
3 70 138 197
41 49 102 155
138 197 102 155
181 82 102 155
16 78 102 155
37 75 102 155
141 160 102 155
36 71 102 155
111 164 102 155
50 138 102 155
98 65 60 134
20 140 60 134
156 115 60 134
143 168 37 25
164 92 37 25
190 127 37 25
194 63 37 25
135 154 37 25
62 97 37 25
37 25 98 65
194 172 98 65
14 99 98 65
93 182 98 65
68 85 60 143
13 85 60 143
79 94 60 143
16 27 60 143
44 150 60 143
73 192 68 85
43 22 68 85
88 78 68 85
86 67 68 85
68 18 68 85
176 151 73 192
110 5 73 192
155 93 73 192
127 71 73 192
33 54 111 155
118 134 111 155
187 143 33 54
135 156 33 54
128 167 33 54
113 91 33 54
35 166 33 54
54 95 33 54
181 101 33 54
167 83 33 54
8 137 33 54
71 102 111 190
113 51 111 190
66 179 111 190
111 155 111 190
127 71 111 190
67 175 111 190
156 166 71 102
191 175 71 102
48 133 71 102
144 148 71 102
175 156 71 102
68 18 71 102
3 191 71 102
180 94 71 102
30 94 111 160
57 155 111 160
43 118 111 160
89 166 111 160
197 61 111 160
156 115 111 160
165 16 30 94
135 54 30 94
43 195 30 94
187 86 30 94
197 61 30 94
130 163 111 164
23 90 111 164
146 123 111 164
133 171 111 164
162 24 130 163
120 180 130 163
176 155 130 163
140 50 130 163
114 164 130 163
62 123 130 163
10 131 130 163
187 143 130 163
44 150 130 163
54 43 144 158
163 152 144 158
175 55 54 43
174 107 54 43
48 133 54 43
34 138 54 43
156 115 54 43
161 164 54 43
113 168 144 148
100 151 144 148
118 105 113 168
173 95 113 168
170 24 113 168
174 65 113 168
36 71 113 168
32 160 144 126
199 191 144 126
9 91 144 126
56 108 144 126
23 63 144 126
98 66 144 126
54 178 32 160
110 5 32 160
42 55 32 160
120 57 32 160
160 14 32 160
174 64 32 160
174 65 32 160
154 161 32 160
165 16 54 178
178 53 54 178
194 172 54 178
85 62 144 68
197 14 144 68
52 174 144 68
104 5 144 68
28 75 144 68
88 129 85 62
41 88 85 62
164 197 85 62
80 53 85 62
57 168 144 2
130 23 144 2
129 181 144 2
104 188 144 2
41 27 57 168
172 12 57 168
82 164 57 168
12 192 57 168
198 196 57 168
138 58 57 168
24 155 144 166
199 70 144 166
190 157 144 166
79 186 144 166
103 80 24 155
118 50 24 155
176 106 24 155
67 35 24 155
102 174 144 193
65 163 144 193
55 173 144 193
164 119 144 193
161 48 144 193
197 130 144 193
11 47 144 193
87 82 102 174
49 135 102 174
82 1 102 174
44 128 102 174
163 152 102 174
175 20 102 174
64 68 148 60
144 158 148 60
118 158 148 60
82 61 148 60
109 195 148 60
105 143 148 60
181 30 64 68
193 69 64 68
41 72 64 68
174 107 64 68
64 7 148 164
104 191 148 164
42 55 148 164
176 106 101 169
193 61 101 169
41 49 101 169
16 27 101 169
52 177 101 169
101 169 64 7
175 55 64 7
82 61 64 7
86 186 64 7
97 160 64 7
67 113 64 7
62 123 64 7
62 107 148 172
40 179 148 172
5 133 148 172
54 95 148 172
77 36 148 172
10 160 148 172
88 129 62 107
135 189 62 107
42 55 62 107
143 168 62 107
28 139 148 5
79 179 148 5
137 169 148 5
156 32 148 5
107 194 148 5
197 171 28 139
198 28 28 139
128 167 28 139
169 89 28 139
25 64 28 139
136 113 28 139
43 195 28 139
107 170 28 139
40 179 1 72
12 146 1 72
178 199 1 72
13 85 1 72
28 75 1 72
189 198 40 179
185 13 40 179
43 24 40 179
62 182 40 179
19 123 40 179
60 29 40 179
96 177 1 62
74 176 1 62
147 39 1 62
86 159 1 62
196 48 96 177
43 115 96 177
183 13 96 177
48 133 96 177
38 51 96 177
193 69 96 177
1 63 96 177
113 141 96 177
37 75 1 86
141 184 1 86
44 192 1 86
10 27 1 86
42 157 37 75
183 13 37 75
166 66 37 75
194 53 37 75
102 48 1 40
136 195 1 40
35 163 1 40
86 198 1 40
193 61 102 48
193 92 102 48
118 157 102 48
130 78 102 48
66 77 1 63
45 39 1 63
190 105 1 63
138 158 27 169
194 172 27 169
185 13 27 169
187 143 27 169
46 155 27 169
117 159 27 169
181 30 138 158
176 155 138 158
45 192 138 158
120 180 138 158
158 112 138 158
161 48 138 158
103 157 138 158
123 195 138 158
27 169 66 77
178 72 66 77
162 24 66 77
72 111 66 77
66 49 1 134
93 174 1 134
197 42 66 49
199 196 66 49
44 150 66 49
131 78 66 49
177 25 66 49
124 125 1 143
130 23 1 143
54 175 1 143
97 177 1 143
79 109 1 143
98 66 124 125
155 93 124 125
0 8 124 125
194 26 98 66
88 72 98 66
135 161 98 66
104 5 98 66
197 135 98 66
104 33 98 66
57 155 72 132
31 58 72 132
135 157 72 132
196 128 72 132
187 129 72 132
44 192 57 155
180 35 57 155
104 185 57 155
53 171 57 155
68 18 72 194
165 148 72 194
45 192 68 18
190 105 68 18
86 165 68 18
175 20 68 18
175 27 68 18
172 60 68 18
73 72 72 159
56 108 72 159
104 191 72 159
150 70 51 158
110 5 51 158
162 113 51 158
198 28 51 158
167 107 51 158
130 78 51 158
156 32 51 158
110 171 51 158
88 131 51 158
51 158 73 72
86 186 73 72
147 53 73 72
86 155 73 72
54 95 73 72
113 158 72 111
135 176 72 111
168 153 72 111
193 92 72 111
26 121 72 111
47 104 113 158
198 111 113 158
43 24 113 158
198 28 113 158
48 133 113 158
110 171 113 158
35 163 132 136
144 166 132 136
158 97 132 136
148 5 132 136
74 114 132 136
189 28 35 163
173 120 35 163
41 49 35 163
30 94 35 163
54 157 132 19
88 129 132 19
187 86 74 164
142 35 74 164
184 11 74 164
60 111 74 164
48 133 74 164
74 164 54 157
189 28 54 157
197 130 54 157
165 16 54 157
97 174 54 157
36 71 136 195
12 149 136 195
131 168 136 195
197 130 136 195
175 20 36 71
165 50 36 71
143 171 36 71
65 163 36 71
158 97 36 71
10 119 36 71
28 75 136 197
14 84 136 197
136 117 136 197
89 95 28 75
87 94 28 75
193 79 28 75
196 171 28 75
175 156 28 75
118 134 28 75
26 190 136 37
113 158 136 37
39 61 136 37
135 179 136 37
102 171 26 190
89 43 26 190
194 53 26 190
129 136 26 190
73 192 26 190
57 184 26 190
196 128 102 171
55 144 102 171
181 30 102 171
161 48 102 171
162 180 102 171
12 192 102 171
111 155 102 171
33 106 136 113
64 108 136 113
76 185 136 113
46 155 136 113
123 181 136 113
167 26 74 114
42 55 74 114
172 12 74 114
170 90 74 114
117 147 74 114
72 194 74 114
74 114 33 106
184 9 33 106
194 172 33 106
6 34 33 106
80 180 136 117
74 36 136 117
105 140 136 117
104 188 136 117
181 131 80 180
194 63 80 180
184 9 80 180
92 116 80 180
5 133 80 180
158 112 80 180
152 198 80 180
62 170 136 86
43 22 136 86
197 83 62 170
161 164 62 170
175 156 62 170
74 164 62 170
64 180 62 170
62 26 2 56
85 62 2 56
193 79 62 26
69 84 62 26
190 105 62 26
55 173 62 26
176 151 62 26
116 22 2 90
70 50 2 90
143 171 2 90
197 171 2 90
103 80 116 22
143 168 116 22
184 16 116 22
91 49 116 22
55 166 116 22
11 97 116 22
75 156 2 153
9 54 2 153
56 79 2 153
67 175 2 153
199 196 2 153
104 188 75 156
89 10 75 156
164 119 75 156
78 193 75 156
100 172 2 37
80 53 2 37
190 105 2 37
28 41 2 37
189 198 100 172
197 135 100 172
135 179 100 172
135 157 100 172
37 64 56 108
14 106 56 108
118 105 56 108
188 93 56 108
160 14 37 64
181 137 37 64
88 131 37 64
141 160 37 64
65 163 37 64
96 177 37 64
94 178 56 79
14 63 56 79
95 123 56 79
26 149 56 79
190 157 94 178
158 112 94 178
162 113 94 178
183 56 94 178
77 100 108 141
64 68 108 141
168 153 108 141
11 19 108 141
26 190 108 141
162 24 77 100
43 115 77 100
43 46 77 100
19 182 77 100
123 47 77 100
84 168 108 185
88 124 108 185
189 168 84 168
159 68 84 168
192 153 84 168
172 97 84 168
88 13 84 168
197 135 84 168
66 76 108 21
110 175 108 21
83 174 108 21
197 11 108 21
175 156 100 27
44 128 100 27
103 141 100 27
143 168 100 27
172 173 100 27
8 112 100 27
105 140 100 27
100 27 66 76
180 35 66 76
30 88 66 76
64 108 141 160
73 187 141 160
69 164 141 160
108 141 141 160
57 166 141 160
190 105 25 64
189 31 25 64
197 50 25 64
7 51 25 64
38 51 25 64
48 133 25 64
25 64 64 108
160 182 64 108
196 171 64 108
177 111 64 108
103 80 64 108
3 85 64 108
117 159 141 184
123 195 141 184
160 14 117 159
196 48 117 159
194 172 117 159
92 187 117 159
77 172 141 51
60 111 141 51
123 181 141 51
86 168 141 51
81 181 77 172
45 101 77 172
87 82 77 172
74 114 77 172
121 75 77 172
142 151 77 172
70 50 77 172
37 131 141 158
161 48 141 158
147 39 141 158
197 143 141 158
176 151 37 131
175 27 37 131
197 125 37 131
181 137 37 131
55 173 37 131
69 16 37 131
64 68 37 131
100 151 141 2
30 94 141 2
29 100 141 2
48 133 100 151
172 60 100 151
156 115 100 151
19 133 100 151
198 153 100 151
106 165 141 81
92 162 141 81
43 46 141 81
127 151 141 81
190 29 106 165
43 115 106 165
157 44 106 165
137 130 106 165
94 29 3 70
133 171 3 70
197 135 3 70
89 143 3 70
51 122 3 70
89 10 94 29
190 105 94 29
44 151 94 29
187 86 94 29
0 11 94 29
123 47 94 29
148 60 94 29
138 125 3 85
106 65 3 85
60 134 3 85
104 185 3 85
130 163 3 85
167 26 138 125
135 196 138 125
104 33 138 125
166 193 138 125
17 97 138 125
29 100 3 195
175 177 3 195
75 98 3 195
197 135 3 195
197 143 29 100
173 35 29 100
190 126 29 100
111 190 29 100
54 142 3 32
57 166 3 32
17 163 3 32
37 75 3 32
161 164 62 97
176 106 62 97
103 83 62 97
58 139 62 97
62 97 54 142
167 73 54 142
197 125 54 142
172 97 54 142
87 183 54 142
187 143 54 142
138 58 54 142
149 137 54 142
114 19 3 146
117 159 3 146
95 168 3 146
199 70 114 19
82 1 114 19
48 110 114 19
129 120 114 19
57 166 3 167
163 122 3 167
197 42 3 167
86 198 3 167
133 16 3 167
199 191 57 166
81 181 57 166
168 77 57 166
144 2 57 166
38 45 57 166
39 129 3 191
42 157 3 191
45 39 3 191
135 154 3 191
121 75 3 191
190 77 39 129
198 153 39 129
45 39 39 129
8 137 39 129
31 161 50 145
122 186 50 145
24 155 50 145
174 107 31 161
168 153 31 161
194 26 31 161
185 136 31 161
137 161 31 161
65 163 50 22
113 141 50 22
193 69 65 163
189 28 65 163
196 48 65 163
2 90 65 163
16 27 65 163
28 65 50 95
82 117 50 95
0 8 50 95
15 13 50 95
177 25 28 65
197 143 28 65
175 177 28 65
166 143 28 65
64 7 28 65
78 172 28 65
176 155 28 65
116 169 50 138
164 197 50 138
129 157 50 138
108 185 50 138
135 189 116 169
185 13 116 169
89 10 116 169
69 84 116 169
101 169 116 169
40 106 50 147
23 14 50 147
151 29 50 147
142 35 40 106
88 129 40 106
150 70 40 106
48 133 40 106
102 155 40 106
33 116 70 50
7 134 70 50
86 168 70 50
101 167 70 50
160 120 33 116
199 70 33 116
176 137 33 116
170 90 33 116
26 37 70 165
61 73 70 165
112 67 70 165
143 171 70 165
144 148 70 165
167 26 26 37
177 196 26 37
164 119 26 37
114 164 26 37
85 137 26 37
193 92 26 37
54 175 70 187
29 128 70 187
18 11 70 187
29 100 70 187
164 197 70 187
81 194 54 175
199 70 54 175
172 60 54 175
10 27 54 175
50 147 54 175
68 85 54 175
141 81 54 175
25 175 70 74
16 27 70 74
35 77 70 74
18 11 70 74
54 142 70 74
196 136 25 175
49 154 25 175
178 53 25 175
196 162 25 175
25 24 25 175
60 120 25 175
113 121 145 199
163 122 145 199
187 143 113 121
104 185 113 121
192 153 113 121
50 145 113 121
138 125 113 121
94 159 145 182
197 125 145 182
199 70 145 182
5 57 145 182
46 155 94 159
173 120 94 159
151 0 94 159
43 118 94 159
102 10 145 178
102 174 145 178
148 5 145 178
120 180 145 178
125 76 145 178
86 173 102 10
197 50 102 10
164 92 102 10
144 166 102 10
180 94 102 10
77 59 145 91
51 162 145 91
101 91 145 91
79 109 145 91
62 170 145 91
165 16 77 59
143 171 77 59
190 105 77 59
94 178 77 59
20 140 77 59
129 120 77 59
117 124 4 147
171 114 4 147
144 166 4 147
190 142 117 124
197 171 117 124
184 9 117 124
62 170 117 124
66 179 4 27
120 57 4 27
194 15 66 179
175 55 66 179
161 164 66 179
180 129 66 179
83 174 66 179
42 55 66 179
51 122 66 179
71 42 53 195
86 198 53 195
166 193 53 195
95 168 53 195
160 165 32 121
135 54 32 121
104 159 32 121
199 70 32 121
32 121 71 42
118 158 71 42
174 64 71 42
164 197 71 42
52 177 71 42
127 71 71 42
28 14 71 42
77 36 53 171
80 188 53 171
103 69 53 171
44 150 35 166
198 153 35 166
143 121 35 166
141 160 35 166
122 189 35 166
35 166 77 36
197 171 77 36
189 31 77 36
190 77 77 36
83 170 77 36
98 66 77 36
80 53 53 114
88 129 53 114
28 75 53 114
162 180 53 114
135 154 80 53
170 90 80 53
193 92 80 53
84 168 80 53
64 108 80 53
138 195 80 53
113 141 147 53
83 170 147 53
181 131 29 128
135 172 29 128
175 55 29 128
162 24 29 128
181 137 29 128
118 105 29 128
41 110 29 128
113 51 29 128
29 128 113 141
49 135 113 141
176 151 113 141
89 10 113 141
54 95 147 152
72 159 147 152
184 9 147 152
102 155 147 152
40 30 26 116
45 101 26 116
41 27 26 116
135 191 26 116
103 83 40 30
42 55 40 30
118 158 40 30
81 194 40 30
120 57 40 30
141 2 40 30
193 79 54 95
26 116 54 95
86 168 54 95
17 163 54 95
3 146 54 95
154 39 54 95
111 155 54 95
102 69 147 39
100 172 147 39
177 169 102 69
103 80 102 69
160 14 102 69
151 5 102 69
78 109 102 69
85 62 102 69
149 137 102 69
29 134 5 146
69 55 5 146
194 172 5 146
51 162 29 134
104 159 29 134
167 107 29 134
161 48 29 134
137 130 29 134
17 163 29 134
87 82 29 134
43 24 51 162
167 26 51 162
160 182 51 162
130 98 51 162
102 48 51 162
146 159 51 162
113 91 51 162
142 151 5 133
22 175 5 133
143 171 142 151
197 42 142 151
175 177 142 151
102 48 142 151
53 195 142 151
96 28 5 57
197 135 5 57
118 173 5 57
167 73 96 28
104 185 96 28
161 33 96 28
198 28 96 28
124 175 90 178
55 166 90 178
163 152 90 178
188 181 124 175
177 196 124 175
176 151 124 175
113 121 124 175
144 158 124 175
96 193 124 175
0 8 124 175
31 58 90 172
132 136 90 172
79 179 90 172
31 101 90 172
189 67 31 58
118 158 31 58
165 16 31 58
177 169 31 58
101 91 90 156
41 27 90 156
72 132 90 156
14 63 90 156
183 13 101 91
48 57 101 91
151 0 101 91
193 118 101 91
39 61 101 91
74 36 101 91
197 125 101 91
114 32 146 90
176 151 146 90
92 139 146 90
181 109 114 32
193 118 114 32
175 28 114 32
3 32 114 32
135 176 114 32
26 116 114 32
75 59 146 82
47 104 146 82
71 102 146 82
176 137 75 59
166 143 75 59
190 157 75 59
177 196 75 59
103 80 75 59
122 186 75 59
75 98 146 159
34 194 146 159
46 89 146 159
96 177 146 159
144 148 146 159
55 144 75 98
159 68 75 98
151 0 75 98
104 191 75 98
166 66 75 98
65 32 146 123
28 65 146 123
125 76 146 123
147 39 146 123
64 7 146 123
151 0 65 32
190 105 65 32
104 5 65 32
146 162 65 32
89 143 65 32
130 78 146 162
15 7 146 162
26 37 146 162
162 113 146 162
161 150 130 78
193 118 130 78
103 141 130 78
144 158 130 78
140 50 130 78
196 48 130 78
96 193 6 125
86 159 6 125
196 136 96 193
135 183 96 193
135 54 96 193
55 166 96 193
11 151 96 193
32 93 6 34
36 148 6 34
123 83 6 34
90 156 6 34
77 59 6 34
164 119 32 93
43 22 32 93
177 128 32 93
33 63 32 93
189 28 32 93
39 61 6 133
160 186 6 133
163 122 6 133
164 92 6 133
92 162 6 133
104 188 39 61
183 56 39 61
190 77 39 61
112 67 39 61
75 156 39 61
114 164 76 187
119 153 76 187
64 44 114 164
196 162 114 164
86 67 114 164
29 194 114 164
101 167 114 164
174 64 64 44
163 122 64 44
135 172 64 44
135 152 64 44
176 137 64 44
133 102 64 44
36 133 76 185
148 172 76 185
32 197 76 185
57 168 76 185
129 181 36 133
199 191 36 133
82 81 36 133
47 104 36 133
151 29 36 133
20 192 36 133
38 51 36 133
54 184 76 43
131 168 76 43
196 136 76 43
152 44 76 43
71 168 76 43
69 55 34 138
191 175 34 138
161 164 34 138
54 178 34 138
67 175 34 138
34 138 54 184
178 53 54 184
44 128 54 184
152 198 54 184
146 162 54 184
77 50 76 157
198 28 76 157
41 110 76 157
39 129 76 157
133 73 76 157
45 39 32 113
193 118 32 113
177 128 32 113
32 113 77 50
86 163 77 50
103 83 77 50
168 153 77 50
43 46 77 50
181 109 77 50
83 170 77 50
84 51 76 175
71 42 76 175
183 192 76 175
6 34 76 175
85 160 84 51
181 30 84 51
135 157 84 51
51 122 84 51
175 28 84 51
69 16 84 51
49 154 85 160
104 87 85 160
197 130 85 160
69 84 85 160
136 195 85 160
12 65 85 160
165 148 85 160
32 197 76 71
119 39 76 71
166 193 57 184
180 94 57 184
151 29 57 184
102 174 57 184
9 166 57 184
85 137 32 197
178 53 32 197
193 69 32 197
168 77 32 197
86 165 32 197
102 122 32 197
69 164 32 197
57 184 85 137
160 14 85 137
135 183 85 137
196 128 85 137
90 178 85 137
23 14 85 137
71 168 125 76
3 32 125 76
129 136 71 168
143 121 71 168
167 26 71 168
131 168 71 168
183 192 71 168
96 102 125 13
43 195 125 13
167 73 96 102
165 50 96 102
189 168 96 102
32 197 96 102
69 164 96 102
97 171 96 102
39 4 7 134
135 196 7 134
43 24 7 134
135 191 39 4
49 154 39 4
86 168 39 4
42 55 39 4
61 153 7 51
23 76 7 51
106 65 7 51
175 177 7 51
129 120 7 51
161 164 74 176
44 128 74 176
5 146 74 176
25 35 74 176
82 117 61 153
74 176 61 153
172 39 61 153
55 166 61 153
135 183 61 153
23 76 61 153
198 111 61 153
5 146 61 153
167 107 61 153
130 23 105 166
137 130 105 166
123 47 105 166
126 133 105 166
156 32 130 23
150 182 130 23
183 13 130 23
107 170 130 23
24 96 105 162
17 89 105 162
68 176 24 96
161 164 24 96
68 85 24 96
123 67 24 96
177 111 24 96
136 113 24 96
166 193 68 176
197 14 68 176
160 120 68 176
181 109 68 176
135 179 68 176
36 71 68 176
136 117 68 176
131 168 68 176
113 91 105 143
113 121 105 143
92 187 105 143
192 153 113 91
160 182 113 91
151 5 113 91
55 144 113 91
83 127 113 91
80 188 105 79
176 137 105 79
188 56 105 79
183 192 105 79
190 157 105 79
177 128 80 188
176 106 80 188
48 162 80 188
67 185 80 188
93 182 80 188
41 49 80 188
96 102 80 188
59 57 105 195
145 91 105 195
36 133 105 195
7 51 105 195
193 92 105 195
89 10 59 57
197 130 59 57
196 171 59 57
29 194 59 57
32 113 59 57
76 187 59 57
65 169 105 140
135 86 105 140
150 182 105 140
140 95 105 140
88 124 65 169
161 33 65 169
143 168 65 169
144 126 65 169
64 180 134 105
184 9 134 105
110 188 64 180
47 104 64 180
143 168 64 180
123 113 64 180
190 77 64 180
19 182 64 180
110 5 134 33
194 63 134 33
132 136 134 33
2 153 134 33
143 121 134 33
21 79 134 33
28 14 8 126
173 120 8 126
139 113 8 126
165 148 28 14
160 120 28 14
41 49 28 14
8 102 28 14
29 194 8 102
187 143 8 102
24 96 8 102
42 157 8 102
141 2 8 102
181 30 29 194
162 24 29 194
193 69 29 194
6 125 29 194
79 2 29 194
130 98 29 194
171 114 8 112
47 104 8 112
105 166 8 112
86 163 8 112
152 198 8 112
14 84 8 112
192 153 8 137
43 22 8 137
122 190 8 137
67 185 8 137
12 192 8 137
144 193 8 137
154 161 8 45
174 107 8 45
130 163 8 45
114 164 8 45
168 96 8 45
125 76 8 45
103 69 58 175
159 68 58 175
25 24 58 175
103 69 58 139
86 165 58 139
82 1 58 139
33 67 58 139
199 70 58 7
162 180 58 7
35 77 58 7
72 132 58 7
144 148 58 7
181 137 126 133
176 137 126 133
102 174 126 133
104 33 126 151
156 32 126 151
98 65 126 151
43 115 126 151
134 33 126 151
165 148 126 184
135 172 126 184
3 32 126 184
152 44 126 184
180 94 133 58
196 128 133 58
94 178 133 58
79 153 133 58
64 68 133 58
197 171 133 171
158 112 133 171
135 172 133 171
35 163 133 171
121 132 133 171
39 4 133 171
167 83 133 181
181 30 133 181
78 172 133 181
69 16 133 16
187 129 133 16
58 139 133 16
76 157 133 16
60 143 133 16
17 89 133 16
118 158 133 130
44 192 133 130
12 149 133 130
42 55 133 130
44 176 133 130
156 166 133 102
151 0 133 102
46 155 133 102
125 76 133 102
175 156 133 102
135 196 133 73
175 156 133 73
190 142 133 73
128 153 9 91
88 13 9 91
50 145 9 91
9 166 9 91
121 75 9 166
196 171 9 166
193 79 9 166
110 92 121 75
183 192 121 75
82 81 121 75
184 11 121 75
31 101 9 95
190 99 9 95
1 72 9 95
123 47 9 95
135 156 31 101
194 63 31 101
184 9 31 101
9 166 31 101
43 22 31 101
176 155 31 101
175 27 9 183
135 161 9 183
32 113 9 183
196 171 9 183
27 74 9 74
108 185 9 74
8 45 9 74
166 70 27 74
42 157 27 74
103 157 27 74
11 151 27 74
61 73 27 74
130 23 27 74
177 111 9 54
118 105 9 54
42 55 9 54
100 27 9 54
175 156 9 54
189 198 9 19
175 20 9 19
130 23 9 19
86 168 91 115
190 99 91 115
187 143 91 115
193 167 91 153
104 188 91 153
189 198 91 153
157 44 91 153
135 176 91 77
104 191 91 77
174 107 91 77
43 118 91 49
46 89 91 49
189 67 91 49
72 194 91 49
121 132 91 121
154 161 91 121
50 147 91 121
117 159 91 121
144 166 91 121
168 153 121 132
128 72 121 132
189 28 121 132
156 115 121 132
190 77 91 196
169 18 91 196
111 160 91 196
86 186 115 122
135 176 115 122
29 128 115 122
48 162 122 190
43 46 122 190
98 65 122 190
149 169 122 190
44 176 122 186
176 155 122 186
97 160 122 186
54 95 122 186
182 183 122 186
122 189 122 186
194 63 122 189
175 156 122 189
90 172 122 189
138 195 122 189
96 28 122 189
179 43 10 131
189 31 10 131
19 182 10 131
89 95 10 160
154 39 10 160
39 4 10 160
66 80 10 160
93 182 10 160
37 131 10 160
62 182 10 119
38 130 10 119
173 120 62 182
165 16 62 182
194 26 62 182
139 170 62 182
146 82 62 182
177 128 62 182
135 196 10 27
197 171 10 27
124 125 10 27
144 148 10 27
194 172 10 27
138 125 10 27
86 198 78 193
82 135 78 193
106 165 78 193
48 162 78 193
150 70 78 193
116 162 78 193
181 137 78 192
82 61 78 192
54 95 78 192
11 62 78 192
56 79 78 192
104 185 78 6
48 57 78 6
60 110 78 6
88 129 78 172
197 14 78 172
36 133 78 172
133 130 78 172
74 51 78 109
44 151 78 109
106 165 78 109
142 35 78 109
102 174 78 109
47 158 74 51
176 106 74 51
135 91 74 51
38 45 74 51
25 64 74 51
33 63 131 78
172 39 131 78
181 82 33 63
82 117 33 63
190 99 33 63
139 170 33 63
95 96 33 63
52 174 33 63
24 155 33 63
135 86 131 168
151 29 131 168
198 111 131 168
16 119 131 168
16 78 131 168
135 161 131 168
166 66 11 107
135 86 11 107
66 23 11 107
43 115 11 19
190 157 11 19
73 187 11 19
172 173 11 19
91 115 11 19
105 166 11 19
197 42 11 97
165 16 11 97
79 153 11 97
97 177 11 97
176 106 11 62
170 90 11 62
40 106 11 62
53 114 11 62
77 59 11 62
110 171 11 47
189 198 11 47
174 107 11 47
160 182 11 47
199 196 11 151
167 83 11 151
152 44 11 151
32 113 11 151
66 179 11 151
10 27 11 151
173 35 107 170
46 155 107 170
138 197 107 170
181 131 107 194
181 30 107 194
95 123 107 194
102 122 107 194
160 70 107 38
190 142 107 38
144 193 107 38
118 158 107 38
66 23 12 149
154 161 12 149
150 70 12 149
43 118 138 195
154 161 138 195
144 148 138 195
138 195 66 23
197 143 66 23
104 188 66 23
160 186 66 23
167 73 66 23
170 24 66 23
137 161 66 23
86 155 12 155
197 135 12 155
188 163 12 155
54 142 12 155
60 134 12 155
86 198 12 155
194 172 12 192
44 192 12 192
89 43 12 192
54 175 12 192
193 118 12 146
171 114 12 146
82 81 12 146
91 77 12 146
133 16 12 146
164 197 12 65
167 107 12 65
91 49 12 65
118 50 12 65
48 162 137 197
161 33 137 197
36 148 137 197
141 160 137 197
38 130 137 166
91 49 137 166
194 26 137 166
36 71 137 166
133 58 137 166
196 80 28 21
177 196 28 21
159 68 28 21
26 190 28 21
28 21 38 130
181 82 38 130
46 155 38 130
135 176 38 130
157 151 38 130
190 142 38 130
104 159 38 130
173 120 137 130
176 137 137 130
3 195 137 130
88 129 137 130
26 190 137 130
183 192 137 161
135 157 137 161
102 10 137 161
48 110 137 169
104 185 137 169
6 133 137 169
67 175 137 169
138 195 137 169
30 88 137 45
10 27 137 45
151 5 137 45
32 93 137 45
189 67 30 88
42 157 30 88
104 188 30 88
152 198 30 88
7 51 30 88
25 117 30 88
41 49 149 137
165 50 149 137
137 166 149 137
181 30 149 169
81 181 149 169
140 50 149 169
114 88 13 139
187 86 13 139
172 60 13 139
103 69 114 88
42 157 114 88
151 5 114 88
111 164 114 88
187 143 114 88
93 152 114 88
170 90 114 88
129 181 13 85
43 22 13 85
27 118 13 85
173 120 109 195
190 127 109 195
104 159 109 195
172 12 109 83
188 93 109 83
9 54 109 83
199 196 109 83
100 151 109 83
141 184 109 83
61 73 109 150
197 15 109 150
119 39 109 150
94 0 109 150
82 21 61 73
190 105 61 73
197 130 61 73
33 63 61 73
67 113 61 73
113 51 139 109
197 171 139 109
44 176 113 51
156 115 113 51
190 77 113 51
104 159 113 51
25 175 113 51
64 108 113 51
103 80 113 51
86 165 139 170
118 105 139 170
87 82 139 170
184 98 139 113
196 171 139 113
172 12 139 113
144 166 139 113
21 79 139 113
25 117 139 113
41 72 14 99
179 43 14 99
105 195 14 99
194 86 14 99
135 183 14 63
168 96 14 63
164 32 14 63
190 126 14 63
65 32 14 63
175 27 14 63
183 192 14 38
160 182 14 38
54 178 14 38
35 166 14 38
5 146 14 38
138 158 14 38
179 43 14 106
45 39 14 106
91 153 14 106
76 157 14 106
138 58 14 55
172 97 14 55
197 61 14 55
144 193 14 55
101 91 14 55
194 172 138 58
181 82 138 58
179 43 138 58
178 29 138 58
79 2 138 58
74 36 14 84
128 153 14 84
104 159 14 84
1 86 14 84
136 37 14 84
189 67 74 36
178 72 74 36
197 14 74 36
9 19 74 36
177 196 74 36
175 28 74 36
34 194 14 147
88 129 14 147
160 70 34 194
193 118 34 194
160 120 34 194
11 62 34 194
113 51 34 194
102 48 34 194
193 167 99 127
197 143 99 127
9 54 99 127
197 125 99 127
163 122 99 132
180 94 99 132
43 46 99 132
73 192 99 132
25 24 99 18
135 196 99 18
40 106 99 18
104 188 25 24
157 151 25 24
161 48 25 24
45 101 25 24
118 50 127 193
175 177 127 193
4 27 127 193
112 110 127 178
61 73 127 178
160 182 127 178
47 104 112 110
181 30 112 110
45 101 112 110
87 183 112 110
6 125 112 110
101 167 127 71
132 19 127 71
135 154 127 71
180 129 127 71
170 24 127 71
135 191 101 167
190 127 101 167
41 72 101 167
90 178 101 167
116 162 127 151
99 132 127 151
177 50 127 151
121 132 127 151
173 95 116 162
177 111 116 162
110 171 116 162
75 2 116 162
178 29 116 162
196 171 116 162
117 147 127 173
59 34 127 173
135 161 127 173
188 93 117 147
129 181 117 147
150 70 117 147
97 160 117 147
57 184 117 147
158 97 15 93
157 151 15 93
59 57 15 93
36 148 15 61
37 75 15 61
45 103 15 61
174 65 36 148
178 72 36 148
178 29 36 148
147 39 36 148
86 155 15 7
88 129 15 7
65 32 15 7
41 72 15 7
119 153 15 7
37 75 15 7
171 114 15 33
128 72 15 33
182 183 15 33
24 155 15 33
175 177 15 33
98 66 15 33
176 106 15 13
82 164 15 13
135 91 15 13
193 167 15 13
134 105 15 13
181 82 93 174
176 38 93 174
22 49 93 174
190 29 93 182
160 186 93 182
157 151 93 182
127 173 93 182
196 136 93 182
81 181 93 182
51 122 93 152
48 162 93 152
8 137 93 152
66 49 93 152
82 61 51 122
118 139 51 122
88 131 51 122
73 72 51 122
189 198 51 122
193 92 51 122
197 11 16 119
153 146 16 119
152 44 16 119
146 159 16 119
12 65 16 119
191 175 16 119
77 84 16 38
90 172 16 38
86 163 77 84
160 120 77 84
181 82 77 84
13 139 77 84
123 67 77 84
135 172 16 112
151 5 16 112
104 191 16 112
26 121 16 27
66 23 16 27
164 32 26 121
196 80 26 121
154 161 26 121
140 95 26 121
64 44 26 121
118 157 16 78
188 56 16 78
144 193 16 78
114 164 16 78
72 194 16 78
33 67 119 152
137 166 119 152
97 195 119 152
54 142 119 152
80 53 119 152
180 94 33 67
44 192 33 67
41 27 33 67
103 40 33 67
77 100 33 67
37 131 33 67
94 181 119 153
194 26 119 153
140 6 119 153
167 26 94 181
177 25 94 181
86 165 94 181
41 49 94 181
189 198 94 181
144 166 94 181
0 6 94 181
43 46 119 39
160 14 119 39
106 65 119 39
102 171 119 39
86 159 17 97
104 185 17 97
60 29 17 97
130 98 17 89
66 23 17 89
131 78 17 89
86 173 130 98
89 143 130 98
177 169 130 98
58 7 130 98
144 193 130 98
174 64 17 163
82 21 17 163
167 26 17 163
106 65 97 171
74 51 97 171
72 132 97 171
189 198 97 171
103 40 106 65
118 50 106 65
166 143 106 65
142 151 106 65
67 113 106 65
120 57 97 177
190 105 97 177
144 166 97 177
87 82 97 174
189 67 97 174
73 187 97 174
157 44 97 195
43 115 97 195
189 31 97 195
199 191 97 160
118 157 97 160
14 55 97 160
152 198 97 160
65 163 97 160
28 41 18 92
78 6 18 92
88 129 18 92
82 61 18 92
55 166 28 41
103 80 28 41
188 163 28 41
184 11 28 41
133 130 28 41
183 192 28 41
154 161 18 11
103 69 18 11
65 32 18 11
52 95 18 11
157 151 92 162
173 95 92 162
58 139 92 162
57 166 92 162
27 74 92 162
65 171 92 187
28 75 92 187
197 50 65 171
197 61 65 171
176 38 65 171
12 146 65 171
38 51 92 116
76 71 92 116
95 195 92 116
149 169 92 116
136 195 92 116
159 68 38 51
151 0 38 51
118 134 38 51
45 39 38 51
5 146 38 51
8 45 38 51
43 22 38 51
172 60 92 139
179 142 92 139
5 146 92 139
196 171 19 123
157 44 19 123
135 150 19 123
39 4 19 123
94 0 19 182
143 171 19 182
155 93 19 182
144 166 19 182
196 136 94 0
188 56 94 0
120 180 94 0
39 61 94 0
199 196 19 164
175 20 19 164
166 193 19 164
196 171 19 164
158 97 19 164
153 146 19 164
120 180 19 133
104 102 19 133
66 49 19 133
52 174 19 133
118 139 19 133
35 77 19 45
69 55 19 45
96 193 19 45
161 48 35 77
44 128 35 77
89 43 35 77
17 97 35 77
44 192 19 70
43 46 19 70
82 164 19 70
89 143 83 174
43 22 83 174
194 63 83 174
0 11 83 174
123 47 83 174
187 129 83 127
142 35 83 127
135 91 83 127
35 163 83 127
103 83 83 112
196 128 83 112
32 121 83 112
20 140 83 112
86 155 83 170
120 57 83 170
158 97 83 170
104 102 83 170
76 175 83 170
79 94 83 170
41 110 123 83
135 156 123 83
17 97 123 83
86 155 123 83
170 90 123 83
180 35 123 181
88 98 123 181
19 123 123 181
136 37 123 181
72 159 123 181
68 18 123 181
59 43 123 113
135 156 123 113
41 49 59 43
166 143 59 43
199 196 59 43
59 34 59 43
29 128 59 43
28 65 59 43
197 171 123 195
88 78 123 195
9 183 123 195
180 35 123 195
169 18 123 195
189 168 123 67
87 94 123 67
101 167 123 67
39 4 123 67
50 145 123 67
42 157 123 47
135 161 123 47
32 113 123 47
28 65 123 47
199 70 20 140
190 157 20 140
176 38 20 140
82 81 20 192
189 67 20 192
68 85 20 192
84 168 20 192
167 73 20 192
141 51 20 192
174 64 20 31
69 16 20 31
194 53 20 31
82 1 20 31
89 143 20 31
73 192 20 31
59 34 20 115
138 195 20 115
193 118 20 115
79 94 20 115
187 143 59 34
118 105 59 34
178 139 59 34
197 125 59 34
105 166 59 34
135 189 95 195
150 70 95 195
10 119 95 195
123 67 95 195
172 173 95 195
69 164 95 195
161 164 95 168
143 168 95 168
143 171 95 168
36 148 95 168
137 161 95 168
73 187 95 88
104 5 95 88
189 168 73 187
196 80 73 187
55 166 73 187
5 133 73 187
196 48 73 187
113 121 73 187
150 70 73 187
181 82 95 96
185 13 95 96
72 132 95 96
177 111 95 123
199 196 95 123
104 188 95 123
189 198 95 144
88 72 95 144
69 164 95 144
159 68 140 95
176 151 140 95
123 67 140 95
141 158 140 95
142 35 140 6
174 64 140 6
38 130 140 6
135 152 140 50
196 80 140 50
128 167 140 50
26 46 21 79
53 171 21 79
40 30 21 79
6 34 21 79
183 56 21 79
177 196 26 46
192 153 26 46
197 83 26 46
45 39 26 46
139 113 26 46
110 5 26 46
176 151 26 46
41 72 21 193
69 55 21 193
189 168 21 193
32 121 21 193
112 197 21 193
0 144 21 193
174 64 79 153
43 118 79 153
133 73 79 153
95 144 79 153
181 30 79 179
120 57 79 179
138 184 79 179
26 190 79 179
127 193 79 179
166 70 79 179
143 171 79 2
190 126 79 2
194 172 79 2
28 139 79 2
94 181 79 2
92 139 79 2
104 159 79 109
104 102 79 109
137 130 79 109
26 121 79 109
60 143 79 109
151 0 79 94
168 77 79 94
119 39 79 94
32 197 79 94
15 7 79 94
41 88 79 186
165 50 79 186
183 192 79 186
16 38 79 186
126 184 79 186
168 153 79 186
65 30 22 52
97 171 22 52
32 160 22 52
53 195 22 52
170 30 65 30
88 129 65 30
43 195 65 30
50 22 65 30
154 39 65 30
189 198 22 175
86 173 22 175
190 105 22 175
73 192 22 175
69 16 22 49
170 30 22 49
46 89 22 49
129 136 22 49
133 171 22 49
172 173 22 49
197 15 52 174
164 32 52 174
22 175 52 174
138 184 52 177
37 23 52 177
135 183 138 184
41 72 138 184
193 79 138 184
170 30 138 184
135 150 52 95
89 95 52 95
89 143 52 95
8 137 52 95
128 72 52 95
18 92 52 95
150 70 23 63
41 49 23 63
82 117 23 63
112 87 23 90
40 106 23 90
12 149 23 90
62 123 23 90
11 19 23 90
66 80 112 87
110 92 112 87
120 180 112 87
135 176 112 87
8 45 112 87
86 168 66 80
104 191 66 80
135 152 66 80
151 5 66 80
118 50 66 80
9 19 66 80
161 164 23 120
103 141 23 120
117 159 23 120
109 195 23 120
125 76 23 120
104 87 23 120
27 118 23 14
193 61 23 14
87 183 23 14
15 93 23 14
69 55 27 118
191 175 27 118
118 105 27 118
23 76 27 118
171 114 23 76
183 56 23 76
118 50 23 76
71 102 23 76
109 83 23 76
86 155 63 112
165 148 63 112
168 96 63 112
66 76 63 112
162 113 63 77
188 181 63 77
48 162 63 77
104 87 63 77
148 60 63 77
194 172 63 197
89 10 63 197
41 49 63 197
164 119 63 197
60 111 63 197
142 137 63 181
119 39 63 181
79 94 63 181
65 169 63 181
177 196 142 137
46 89 142 137
196 48 142 137
160 165 142 137
185 13 142 137
160 182 142 137
76 175 142 137
179 142 67 185
86 159 67 185
49 135 67 185
109 83 67 185
75 2 67 175
11 107 67 175
11 97 67 175
31 58 67 175
142 151 67 175
175 177 75 2
89 143 75 2
164 119 75 2
55 144 75 2
111 155 75 2
184 9 75 2
128 167 75 2
110 171 67 113
180 35 67 113
37 131 67 113
116 162 67 113
165 148 67 35
190 29 67 35
96 191 67 35
36 148 67 35
89 143 67 35
138 125 67 35
120 57 112 67
198 153 112 67
104 5 112 67
123 181 112 67
96 177 112 67
46 155 112 67
168 153 112 197
42 55 112 197
88 131 112 197
88 78 112 197
88 98 112 197
88 13 112 197
88 72 112 197
129 120 112 197
129 157 112 197
55 173 112 197
43 24 112 197
43 195 112 197
43 22 112 197
118 139 112 197
118 173 112 197
118 134 112 197
44 151 112 197
128 167 112 197
128 72 112 197
45 103 112 197
45 101 112 197
69 164 112 197
69 84 112 197
103 157 112 197
103 141 112 197
46 89 112 197
89 43 112 197
89 166 112 197
143 168 112 197
143 121 112 197
82 1 112 197
82 135 112 197
82 117 112 197
82 164 112 197
87 183 112 197
87 94 112 197
104 87 112 197
104 5 112 197
104 102 112 197
48 57 112 197
110 175 112 197
49 135 112 197
86 67 112 197
135 161 112 197
135 179 112 197
135 157 112 197
135 54 112 197
135 91 112 197
150 182 112 197
151 5 112 197
151 29 112 197
152 198 112 197
152 44 112 197
153 146 112 197
154 39 112 197
155 93 112 197
156 115 112 197
158 112 112 197
160 186 112 197
160 182 112 197
161 33 112 197
162 180 112 197
163 152 112 197
165 50 112 197
165 7 112 197
166 143 112 197
167 107 112 197
168 77 112 197
168 96 112 197
169 18 112 197
169 89 112 197
170 24 112 197
170 90 112 197
172 39 112 197
172 97 112 197
172 173 112 197
175 28 112 197
176 155 112 197
176 38 112 197
177 50 112 197
178 199 112 197
178 53 112 197
178 72 112 197
178 139 112 197
178 29 112 197
180 129 112 197
181 101 112 197
182 183 112 197
183 56 112 197
184 16 112 197
184 9 112 197
184 11 112 197
185 13 112 197
185 136 112 197
188 56 112 197
188 163 112 197
190 126 112 197
190 127 112 197
190 105 112 197
190 99 112 197
191 175 112 197
193 92 112 197
194 53 112 197
194 86 112 197
196 162 112 197
197 61 112 197
197 125 112 197
197 135 112 197
197 14 112 197
197 130 112 197
198 153 112 197
198 28 112 197
198 196 112 197
198 111 112 197
199 141 112 197
95 168 112 197
67 185 142 35
150 70 142 35
139 170 41 88
83 170 41 49
94 0 41 110
173 35 41 72
23 120 41 72
87 82 41 27
105 140 88 129
102 48 88 124
33 106 88 124
132 136 88 131
180 35 88 78
199 191 88 98
24 155 88 13
0 6 88 72
72 194 120 180
153 146 120 180
77 100 120 57
180 129 129 120
96 28 129 120
28 14 129 157
9 19 129 181
180 129 129 136
99 132 129 136
173 120 42 55
55 173 42 157
119 153 42 157
111 155 55 166
52 174 55 173
137 166 55 173
110 5 55 144
58 139 43 118
35 166 43 118
36 148 43 24
29 134 43 24
42 157 43 195
77 100 43 195
65 30 43 22
177 111 43 46
123 67 43 46
60 134 43 115
137 45 43 115
134 105 118 158
70 187 118 158
34 194 118 157
82 164 118 139
55 173 118 173
41 110 118 105
1 134 118 50
92 116 118 134
184 98 118 134
199 191 44 128
29 194 44 151
35 77 44 192
133 73 44 192
111 190 44 150
26 37 44 150
60 110 44 176
25 24 128 167
73 192 128 167
94 159 128 153
123 47 128 153
104 188 128 153
124 125 128 72
0 6 128 72
197 14 128 72
45 192 128 72
5 133 45 103
187 143 45 39
197 61 45 39
18 92 45 39
194 26 45 192
43 118 45 192
146 123 45 192
119 152 45 101
86 173 45 101
147 53 45 101
144 126 45 101
3 85 69 164
21 79 69 84
105 195 69 84
128 167 69 84
15 93 69 84
20 115 69 16
31 161 69 16
56 108 69 16
41 110 69 55
1 134 69 55
111 160 69 55
16 78 103 69
60 134 103 69
84 16 103 69
93 174 103 69
184 11 103 157
125 13 103 157
139 170 103 157
10 131 103 157
11 97 103 83
135 156 103 80
62 26 103 80
51 122 103 80
43 118 103 141
28 14 103 141
97 195 103 141
57 155 103 141
180 35 103 40
2 37 103 40
97 174 46 89
150 70 46 89
167 83 46 89
194 15 46 155
133 58 46 155
178 29 46 155
149 137 46 155
127 193 89 143
74 51 89 143
90 178 89 143
28 41 89 143
92 187 89 10
121 75 89 10
28 14 89 43
78 6 89 95
146 90 89 95
178 139 89 95
66 23 89 95
105 166 89 166
113 51 143 171
88 72 143 171
23 120 143 171
65 32 143 168
154 39 143 168
97 174 143 121
68 18 143 121
97 195 143 121
114 32 47 104
43 195 47 104
175 28 47 104
25 117 47 104
26 149 47 158
113 91 47 158
96 193 47 158
85 137 81 194
24 155 81 194
82 164 81 194
45 101 81 194
82 117 81 181
118 157 81 181
91 121 81 181
190 77 82 81
166 193 82 81
138 195 82 1
152 44 82 1
133 181 82 1
129 136 82 1
181 137 82 135
41 49 82 135
36 71 82 135
135 154 82 117
135 152 82 117
72 194 82 117
86 159 82 21
150 182 82 61
142 151 82 61
19 182 82 61
33 63 82 61
23 120 82 164
42 55 87 82
180 129 87 183
150 182 87 94
64 180 87 94
105 140 87 94
31 101 87 94
38 51 104 87
82 1 104 87
65 171 104 87
45 103 104 188
198 28 104 191
89 10 104 191
77 50 104 191
137 166 104 191
26 46 104 185
170 30 104 185
151 0 104 185
75 156 104 5
181 109 104 5
1 134 104 5
14 106 104 5
133 171 104 159
97 171 104 159
101 167 104 102
174 65 104 33
88 13 104 33
108 21 48 110
176 106 48 110
197 14 48 110
133 130 48 133
65 30 48 133
122 190 48 57
135 189 48 57
149 169 48 57
189 198 48 162
190 29 110 175
133 181 110 175
172 97 110 175
89 143 110 188
60 29 110 188
175 28 110 171
26 37 110 171
126 184 110 171
12 192 110 171
114 88 110 5
181 101 110 5
177 25 110 92
197 14 110 92
137 166 110 92
13 85 110 92
144 193 49 135
80 53 49 135
176 38 49 135
103 80 49 154
29 194 49 154
102 48 49 154
88 124 49 154
192 153 86 163
145 91 86 163
0 6 86 163
0 8 86 198
11 107 86 198
94 29 86 198
198 28 86 198
135 154 86 186
174 65 86 173
20 31 86 165
86 67 86 165
154 39 86 165
188 163 86 165
9 91 86 155
45 39 86 155
75 2 86 155
135 156 86 159
46 155 86 159
64 108 86 159
188 93 86 159
151 0 86 168
177 50 86 168
26 149 86 168
30 88 86 168
14 147 86 67
65 32 86 67
185 13 86 67
174 64 86 67
5 146 135 154
123 181 135 154
3 146 135 161
61 153 135 161
189 168 135 86
26 37 135 156
141 2 135 156
1 134 135 196
101 167 135 196
191 175 135 172
170 30 135 172
11 107 135 172
134 33 135 150
147 53 135 150
168 96 135 176
11 151 135 176
86 155 135 176
102 122 135 176
104 33 135 179
162 24 135 179
69 16 135 179
197 42 135 179
68 176 135 183
12 155 135 183
94 159 135 183
6 133 135 183
102 122 135 157
79 179 135 157
54 95 135 157
37 23 135 157
16 27 135 189
43 118 135 189
38 130 135 191
26 149 135 191
137 197 135 191
92 116 135 54
28 139 135 152
197 14 135 152
86 159 135 152
54 95 135 91
174 65 135 91
167 73 150 70
95 168 150 70
73 72 150 70
60 29 150 70
197 11 150 182
135 179 150 182
145 178 151 5
77 84 151 5
54 184 151 5
165 50 151 29
89 143 151 29
20 115 151 0
86 165 151 0
24 96 151 0
8 126 151 0
36 133 152 198
135 189 152 198
33 63 152 198
84 168 152 44
31 101 152 44
156 166 152 44
120 57 153 146
87 183 153 146
127 178 153 146
58 175 154 39
9 74 154 161
103 83 154 161
14 38 155 93
63 112 156 32
173 35 156 115
19 70 156 166
93 174 156 166
106 54 156 166
88 131 156 166
0 11 157 151
135 156 157 151
44 128 157 151
2 90 157 44
176 38 158 112
122 190 158 112
92 116 158 112
19 123 158 97
147 39 158 97
145 91 158 97
197 135 159 68
70 50 160 186
55 173 160 186
11 107 160 120
138 184 160 120
88 78 160 14
113 141 160 14
177 25 160 182
193 61 160 165
110 5 160 70
32 197 161 164
193 167 161 164
110 92 161 33
139 170 161 33
14 147 161 33
177 196 161 33
114 88 161 48
36 133 161 48
60 29 161 48
20 140 161 150
106 54 161 150
127 151 162 180
27 74 162 113
26 190 162 24
9 166 163 152
0 6 163 152
105 166 163 122
176 106 163 122
3 85 164 119
173 35 164 119
57 184 164 92
127 71 164 92
156 115 164 92
184 9 164 92
161 48 164 32
135 183 164 197
11 107 164 197
80 180 164 197
76 187 165 50
103 80 165 50
78 6 165 16
41 72 165 16
45 101 165 16
170 24 165 16
118 105 165 148
133 58 165 148
196 128 165 148
146 123 165 148
36 71 165 7
26 116 166 143
45 192 166 143
16 38 166 66
67 175 166 193
181 30 166 193
175 20 166 193
37 131 166 193
130 98 166 70
164 92 166 70
118 173 166 70
144 2 167 73
149 137 167 73
64 44 167 73
57 155 167 73
189 168 167 26
118 157 167 83
102 122 167 83
113 51 167 83
167 26 167 83
22 49 167 107
82 81 167 107
62 182 167 107
69 55 168 153
178 53 168 77
54 142 168 96
78 193 168 96
93 174 169 18
70 187 169 18
7 51 169 89
88 131 169 89
11 47 170 30
194 26 170 30
145 182 170 30
11 97 170 30
133 58 170 24
103 80 170 24
146 123 170 24
82 135 170 90
75 98 170 90
20 140 170 90
36 71 170 90
181 30 171 114
190 157 172 12
28 41 172 12
164 92 172 12
110 171 172 60
102 48 172 60
73 72 172 60
25 175 172 39
39 61 172 39
189 198 172 39
156 32 172 97
66 80 172 173
131 78 172 173
193 69 172 173
197 125 172 173
0 144 173 95
11 107 173 95
29 134 173 95
7 51 173 95
57 155 173 120
103 69 173 120
10 119 173 120
145 91 173 35
132 19 174 64
65 30 174 64
162 180 174 64
190 126 174 64
177 25 174 107
69 164 174 107
94 0 174 107
86 163 174 65
48 110 174 65
130 23 174 65
57 155 174 65
118 105 175 156
1 63 175 156
135 154 175 28
43 46 175 28
130 78 175 28
77 84 175 27
134 105 175 27
104 87 175 27
135 54 175 177
183 13 175 20
118 157 175 20
133 73 175 20
138 184 175 55
73 192 175 55
36 148 175 55
3 191 176 151
36 148 176 155
172 97 176 137
86 173 176 137
174 65 176 137
146 123 176 137
105 140 176 106
32 121 176 106
157 44 176 106
4 147 176 106
65 163 176 38
82 21 176 38
13 85 177 169
83 112 177 169
122 186 177 169
74 36 177 111
26 190 177 111
8 112 177 111
130 163 177 128
28 14 177 128
53 171 177 128
165 148 177 196
123 83 177 196
147 39 177 196
196 80 177 25
102 174 177 25
140 6 177 25
16 78 177 50
97 195 177 50
39 4 177 50
26 46 178 199
126 133 178 53
199 70 178 53
187 143 178 72
178 139 178 72
123 195 178 72
174 65 178 72
94 181 178 139
46 89 178 29
25 35 178 29
85 137 178 29
130 163 178 29
138 197 179 43
69 16 179 43
11 47 179 43
25 35 179 43
183 56 179 142
174 65 179 142
37 23 180 129
144 158 180 129
51 162 180 94
135 172 180 35
95 168 180 35
106 165 181 131
33 116 181 82
32 197 181 82
65 171 181 82
16 119 181 82
168 153 181 82
163 152 181 82
142 137 181 137
65 171 181 30
142 151 181 30
3 32 181 101
34 194 181 101
118 157 181 101
158 97 181 109
75 59 181 109
97 195 181 109
59 57 181 109
60 111 181 109
2 153 181 109
22 49 182 183
82 1 182 183
26 189 182 183
197 83 182 183
137 169 182 183
111 190 182 183
37 25 183 13
110 92 183 13
45 192 183 192
78 6 183 56
127 178 183 56
141 81 183 56
194 63 183 56
54 175 184 98
79 94 184 98
77 172 184 16
48 110 184 9
116 22 184 9
37 25 184 9
89 143 184 11
8 112 184 11
144 68 184 11
104 33 184 11
32 93 184 11
176 155 185 13
142 151 185 13
49 154 185 136
14 106 185 136
62 123 185 136
149 137 185 136
60 143 185 136
46 155 187 86
199 196 187 129
96 191 187 129
32 160 187 129
31 101 187 129
190 99 187 129
103 80 187 143
67 175 187 143
100 27 187 143
197 143 187 143
107 170 187 143
175 28 188 181
78 172 188 181
25 24 188 181
17 163 188 181
114 164 188 181
31 58 188 93
197 14 188 93
40 30 188 93
130 163 188 56
135 189 188 56
91 121 188 56
130 163 188 163
79 186 189 198
174 107 189 198
19 133 189 198
54 184 189 198
138 158 189 67
101 91 189 67
129 120 189 28
16 112 189 168
197 83 189 168
59 57 189 31
30 94 190 126
9 54 190 126
43 24 190 157
88 129 190 157
109 150 190 157
194 86 190 157
190 157 190 127
169 18 190 127
43 24 190 127
187 129 190 127
135 150 190 127
117 147 190 127
199 70 190 105
190 77 190 105
158 112 190 105
33 116 190 105
85 137 190 105
1 134 190 77
39 61 190 142
8 45 190 29
175 20 190 29
73 192 190 29
143 121 190 99
60 143 190 99
46 155 190 99
9 54 191 175
163 122 192 153
33 67 192 153
136 86 192 153
130 98 193 118
199 191 193 118
18 11 193 118
105 166 193 79
147 39 193 79
187 86 193 79
132 19 193 79
67 113 193 79
142 151 193 79
133 16 193 79
121 132 193 79
33 116 193 69
190 127 193 69
80 53 193 69
28 21 193 167
168 153 193 167
83 170 193 61
188 163 193 61
172 39 193 92
120 180 193 92
23 14 193 92
82 117 194 26
111 190 194 26
25 24 194 26
135 152 194 53
14 99 194 53
177 169 194 53
198 111 194 53
196 162 194 53
175 55 194 53
50 147 194 53
163 122 194 53
117 159 194 15
111 155 194 86
95 144 194 86
94 159 194 86
154 39 194 86
143 168 194 86
135 91 194 63
176 38 194 63
29 100 194 172
36 133 194 172
30 88 196 136
134 33 196 136
177 25 196 136
7 134 196 136
82 21 196 136
188 93 196 136
35 163 196 136
73 192 196 136
95 195 196 171
0 6 196 171
127 151 196 171
163 122 196 171
147 53 196 171
15 33 196 128
21 193 196 128
83 174 196 128
119 39 196 128
136 37 196 128
127 178 196 128
193 167 196 162
174 107 196 162
197 130 196 162
197 14 196 162
196 48 196 162
3 191 196 162
110 175 196 48
97 195 196 48
111 160 196 48
54 43 196 48
109 83 196 48
73 192 196 48
160 182 196 48
45 101 196 48
82 164 196 80
26 37 196 80
116 169 196 80
85 62 196 80
63 112 196 80
109 195 196 80
72 159 197 61
136 117 197 61
33 116 197 61
97 195 197 125
177 128 197 143
118 173 197 143
12 65 197 143
97 174 197 143
111 155 197 143
32 93 197 143
164 32 197 143
84 16 197 143
164 32 197 135
31 101 197 135
38 45 197 135
3 167 197 135
101 167 197 135
131 168 197 135
155 93 197 135
25 24 197 14
16 119 197 14
41 49 197 14
55 166 197 14
184 9 197 14
183 192 197 14
131 168 197 14
113 91 197 11
60 110 197 11