200
600
1797
0 144 10
0 8 140
0 6 172
0 11 112
0 141 156
60 111 117
60 29 101
60 110 194
111 155 151
111 190 21
111 160 9
111 14 112
111 62 172
111 170 184
111 63 86
144 158 156
144 148 38
144 171 135
144 193 175
148 60 66
148 130 38
148 93 148
1 72 137
1 50 78
1 136 168
72 132 125
72 167 157
72 194 112
72 39 13
72 126 52
132 136 106
132 125 182
132 168 154
136 165 190
136 125 101
136 36 35
2 56 152
2 143 67
2 22 139
56 108 47
56 133 149
108 141 118
108 192 14
108 136 40
141 160 148
141 163 5
141 14 71
3 70 199
3 140 184
3 196 123
50 145 91
50 151 94
50 51 71
70 50 20
70 121 56
145 198 80
145 186 109
145 193 169
145 30 105
4 147 121
4 30 166
4 39 13
53 162 153
53 80 168
147 53 16
147 178 94
147 167 133
5 146 146
5 193 63
5 35 24
90 187 117
90 165 74
90 179 19
90 92 167
146 90 28
146 76 109
146 91 56
6 125 131
6 180 133
76 188 10
76 151 196
76 39 65
125 76 73
125 182 130
125 142 143
125 43 0
7 134 142
7 49 84
105 180 94
105 3 89
134 105 18
134 172 21
134 29 159
8 126 2
8 78 169
58 168 62
58 45 156
58 147 132
58 164 123
126 133 142
126 44 114
133 58 164
133 151 162
133 175 113
133 112 161
133 143 23
9 91 178
9 107 65
9 65 145
91 115 10
91 166 185
91 25 140
115 122 11
115 19 185
122 163 145
122 162 198
122 72 181
10 131 30
10 12 20
78 178 145
78 148 82
78 117 68
131 78 8
131 191 35
131 146 58
11 107 52
11 182 11
107 172 111
107 169 150
107 128 104
107 174 96
12 149 133
12 9 199
12 126 167
137 159 194
137 180 102
137 148 127
149 137 128
149 163 97
149 54 3
149 182 95
13 139 194
13 18 131
13 188 6
109 192 43
109 158 91
109 189 4
139 109 163
139 133 179
14 99 127
14 171 169
14 122 80
14 187 83
99 127 108
99 168 194
127 168 59
127 156 190
127 83 99
15 93 62
15 10 195
15 96 54
15 133 162
15 132 188
93 196 177
93 185 175
93 96 48
93 123 22
16 119 72
16 1 13
16 104 176
119 188 24
119 196 59
119 101 19
119 173 34
17 97 66
17 32 46
97 173 125
97 178 78
97 165 90
18 92 105
18 96 160
18 76 75
92 187 94
92 197 136
92 30 121
19 123 63
19 117 137
19 163 37
83 163 51
83 1 151
123 83 195
123 178 154
123 81 45
123 157 177
20 140 38
20 72 74
20 94 3
95 193 128
95 63 78
140 95 16
140 186 3
140 77 185
21 79 176
21 37 18
79 181 27
79 187 59
79 57 7
79 132 134
22 52 138
22 187 164
22 28 147
52 191 78
52 181 148
52 146 130
52 151 91
23 63 49
23 39 98
63 112 142
63 153 4
63 183 58
63 178 169
67 156 16
67 115 74
67 117 189
112 67 73
112 155 111
24 96 30
24 75 134
24 112 1
96 169 63
96 160 153
96 108 52
96 32 25
25 117 185
25 145 105
25 32 103
117 124 97
117 108 61
117 171 129
124 187 166
124 161 144
124 4 83
26 121 125
26 73 84
26 67 199
57 154 179
57 6 143
57 50 155
59 178 71
59 57 137
59 44 4
75 59 153
75 181 136
75 45 173
121 75 18
121 166 27
121 27 179
121 39 106
27 74 21
27 50 183
74 114 195
74 194 45
114 173 96
114 182 30
114 169 127
28 65 64
28 42 42
28 58 122
65 178 3
65 173 104
65 128 1
65 132 36
29 100 25
29 20 156
100 175 187
100 177 2
100 148 1
30 94 119
30 11 162
94 164 119
94 183 144
94 19 32
31 101 120
31 73 3
31 153 112
101 162 72
101 171 140
101 173 28
32 113 84
32 19 27
113 190 107
113 183 53
113 6 71
33 116 170
33 91 10
33 125 62
33 177 70
116 155 0
116 180 187
116 144 92
116 83 155
34 138 124
34 189 143
34 197 98
138 194 139
138 156 191
138 17 99
35 77 120
35 95 74
51 190 46
51 151 14
51 153 196
51 115 101
77 84 58
77 38 9
77 68 127
84 51 153
84 193 31
84 172 175
36 71 9
36 152 155
36 10 193
71 102 191
71 167 190
71 50 15
71 190 70
102 166 192
102 54 51
37 64 28
37 26 183
37 58 85
62 174 140
62 71 127
64 68 120
64 35 138
64 6 104
68 85 64
68 152 51
68 186 102
68 151 143
68 96 138
68 137 128
85 62 24
85 118 106
85 50 79
38 130 105
38 113 166
38 149 93
66 80 83
66 189 139
66 144 116
80 153 17
80 142 175
98 66 110
98 199 186
98 189 188
98 23 114
98 141 112
130 98 194
130 193 29
130 32 131
130 117 31
39 61 88
39 142 106
61 73 57
61 133 38
73 161 91
73 193 60
73 45 158
73 149 82
40 106 11
40 158 150
40 99 178
54 142 101
54 175 138
54 193 162
106 54 60
106 129 11
106 198 96
142 195 181
142 154 158
142 92 19
41 88 146
41 28 60
88 129 82
88 166 0
88 176 76
88 193 46
120 156 151
120 107 169
129 120 159
129 93 92
42 55 185
42 179 6
55 191 19
55 158 7
55 110 152
55 115 84
43 118 161
43 126 176
43 164 31
118 188 186
118 161 82
118 111 134
44 128 144
44 45 5
44 96 132
128 182 139
128 176 46
128 135 137
128 68 79
45 103 48
45 102 67
69 192 169
69 21 106
69 7 74
103 69 155
103 157 176
103 106 20
46 89 13
46 107 176
46 83 81
89 143 24
89 183 129
89 95 48
89 142 29
143 170 143
143 108 74
47 104 180
47 126 139
47 39 36
81 193 52
81 170 106
81 82 84
82 37 45
87 82 93
87 154 53
87 160 15
87 55 166
87 179 141
104 87 115
104 164 162
104 14 66
48 110 93
48 174 160
48 141 51
110 165 28
110 157 60
110 156 26
110 198 166
49 135 186
49 75 48
49 67 140
86 151 96
86 152 76
86 183 123
86 184 126
86 185 75
86 157 68
86 158 179
86 167 13
86 171 50
86 199 62
86 186 46
86 127 55
135 86 16
135 164 1
135 179 13
135 176 186
135 177 180
135 189 95
135 197 1
135 150 101
135 24 88
150 21 82
150 50 132
151 91 127
152 57 34
153 84 199
154 175 74
155 162 142
155 190 90
156 157 47
157 0 87
157 65 123
158 15 157
158 5 68
159 194 154
159 170 141
160 65 2
160 79 137
161 69 42
162 8 19
163 165 107
163 72 101
164 140 120
165 55 166
165 10 142
165 116 97
165 188 86
166 133 157
166 0 180
166 73 127
167 166 142
167 143 115
167 116 97
168 45 62
168 187 54
168 190 182
168 78 22
169 73 100
169 142 138
169 70 1
170 167 116
170 49 51
170 32 179
171 99 5
171 178 186
171 77 103
172 121 62
172 3 164
173 125 24
174 103 6
174 13 160
174 168 30
174 0 164
175 190 81
175 172 121
176 98 143
177 154 141
178 182 83
179 46 46
179 94 48
179 1 135
179 78 199
180 167 20
181 130 52
181 188 199
181 170 47
182 43 130
182 162 111
182 79 55
183 116 98
183 128 166
183 29 146
183 74 67
184 57 53
184 195 114
185 50 66
186 117 133
186 118 78
186 146 16
186 50 146
187 152 38
187 183 4
187 145 108
188 152 182
188 194 79
188 3 115
188 50 66
189 61 74
189 198 183
189 89 151
190 46 111
191 65 1
191 148 133
191 97 103
191 24 84
191 67 58
191 163 184
192 110 84
193 124 40
194 103 96
194 69 44
194 40 122
194 149 37
194 176 106
194 183 121
195 9 182
195 104 134
195 179 18
196 115 191
196 47 48
196 125 80
196 61 193
197 9 164
197 22 163
197 100 39
197 13 107
197 15 82
197 198 11
197 27 25
198 165 191
198 141 18
199 110 102
199 184 9
199 190 162
199 34 133
199 130 86
199 167 45
0 144 79 57
0 144 129 120
0 144 15 93
79 57 171 178
79 57 103 69
79 57 117 171
79 57 24 112
0 8 116 155
0 8 35 95
0 8 98 23
0 8 181 188
33 125 110 198
33 125 64 35
33 125 50 145
116 155 33 125
116 155 69 7
116 155 46 107
116 155 196 61
116 155 141 14
116 155 106 129
116 155 134 105
64 35 197 15
64 35 168 190
64 35 103 106
64 35 128 176
64 35 51 190
0 6 64 6
0 6 141 14
64 6 169 70
64 6 48 110
64 6 85 50
64 6 111 160
64 6 168 45
0 11 98 199
0 11 187 145
0 11 105 180
0 11 11 182
0 11 5 146
98 199 81 193
98 199 86 151
98 199 134 105
98 199 86 183
98 199 115 19
98 199 136 165
0 141 113 183
0 141 90 187
0 141 73 45
0 141 90 165
23 39 135 24
23 39 170 49
23 39 135 86
23 39 104 164
23 39 89 142
23 39 86 167
113 183 23 39
113 183 146 91
60 111 26 121
60 111 56 133
60 111 197 100
60 111 102 166
26 121 166 73
26 121 166 0
26 121 37 64
26 121 12 126
26 121 178 182
60 29 120 156
60 29 178 182
60 29 68 96
60 29 167 143
120 156 157 0
120 156 89 143
120 156 166 73
120 156 33 125
60 110 101 171
60 110 34 189
60 110 85 118
60 110 155 162
101 171 197 9
101 171 86 167
101 171 51 190
101 171 2 22
101 171 62 174
111 155 71 50
111 155 16 1
111 155 199 167
111 155 15 10
71 50 169 142
71 50 81 170
71 50 73 45
71 50 87 82
111 190 34 189
111 190 135 177
34 189 135 176
34 189 174 13
34 189 96 108
34 189 98 66
111 160 38 130
111 160 137 159
111 160 141 160
38 130 106 129
38 130 178 182
38 130 135 189
38 130 107 172
38 130 114 173
106 129 49 135
106 129 194 69
106 129 178 182
106 129 85 50
106 129 130 32
106 129 169 73
111 14 98 66
111 14 41 28
111 14 195 104
98 66 173 125
98 66 150 50
98 66 84 172
98 66 88 193
98 66 179 46
98 66 125 142
111 62 94 19
111 62 18 96
111 62 37 58
94 19 135 24
94 19 196 61
94 19 0 141
94 19 111 155
94 19 97 165
111 170 85 62
111 170 2 22
111 170 71 167
85 62 179 1
85 62 195 104
85 62 58 164
85 62 79 57
111 63 142 154
111 63 135 86
111 63 191 163
111 63 55 158
142 154 143 170
142 154 46 89
142 154 29 100
142 154 170 167
142 154 68 152
142 154 20 140
144 158 39 142
144 158 149 182
144 158 90 187
144 158 37 64
144 158 99 127
39 142 49 135
39 142 87 55
39 142 35 95
144 148 30 11
144 148 33 177
144 148 135 164
30 11 44 45
30 11 194 176
30 11 68 152
30 11 123 157
30 11 191 65
30 11 52 191
144 171 88 129
144 171 6 125
144 171 141 163
88 129 170 49
88 129 158 15
88 129 59 57
144 193 64 68
144 193 124 187
144 193 194 149
64 68 156 157
64 68 182 162
64 68 163 72
148 60 75 59
148 60 86 183
148 60 7 49
148 60 59 178
75 59 194 103
75 59 89 143
75 59 63 112
148 130 68 152
148 130 130 117
148 130 123 81
148 130 155 162
148 130 0 141
68 152 194 103
68 152 184 195
68 152 25 117
148 93 42 179
148 93 199 190
37 64 176 98
37 64 143 108
37 64 44 128
85 50 37 64
85 50 45 102
85 50 197 22
42 179 85 50
42 179 168 190
42 179 157 65
42 179 135 150
42 179 59 178
42 179 98 66
1 72 96 108
1 72 39 142
1 72 46 107
96 108 172 121
96 108 48 174
96 108 165 10
96 108 18 96
1 50 51 115
1 50 130 98
51 115 62 174
51 115 87 160
51 115 158 15
51 115 141 160
62 174 165 10
62 174 175 190
62 174 18 96
62 174 7 134
1 136 22 28
1 136 45 102
22 28 116 180
22 28 153 84
22 28 189 61
22 28 68 151
22 28 136 36
116 180 110 198
116 180 191 97
116 180 169 142
116 180 101 162
72 132 37 58
72 132 78 148
37 58 167 116
37 58 196 125
37 58 197 13
72 167 65 173
72 167 101 162
72 167 52 146
57 50 187 183
57 50 47 126
57 50 197 100
57 50 18 96
65 173 57 50
65 173 103 69
65 173 97 178
65 173 86 184
72 194 94 183
72 194 43 126
72 194 186 118
94 183 197 27
94 183 44 96
94 183 194 69
72 39 36 71
72 39 124 4
72 39 32 19
114 182 194 40
114 182 171 99
114 182 194 103
114 182 135 189
114 182 97 178
36 71 114 182
36 71 115 122
36 71 133 112
72 126 30 94
72 126 191 163
30 94 82 37
30 94 110 198
30 94 108 192
132 136 42 55
132 136 88 193
42 55 143 170
42 55 181 170
42 55 116 155
42 55 79 132
132 125 31 153
132 125 191 24
132 125 51 153
31 153 110 165
31 153 196 61
31 153 150 50
31 153 147 53
132 168 113 190
132 168 159 170
113 190 191 65
113 190 197 198
113 190 102 166
113 190 11 182
136 165 66 144
136 165 0 6
136 165 176 98
66 144 197 15
66 144 48 174
66 144 188 152
136 125 54 142
136 125 88 129
136 125 149 137
54 142 135 86
54 142 157 0
54 142 97 165
54 142 73 149
136 36 102 54
136 36 111 190
136 36 165 116
102 54 86 157
102 54 46 107
102 54 111 160
2 56 74 114
2 56 175 190
74 114 166 133
74 114 189 61
74 114 113 183
74 114 114 182
2 143 55 115
2 143 47 126
55 115 47 39
55 115 153 84
55 115 98 66
55 115 24 75
2 22 51 190
2 22 172 121
51 190 66 189
51 190 143 108
51 190 128 68
51 190 44 96
51 190 110 165
66 189 44 96
66 189 194 69
66 189 159 170
66 189 131 146
56 108 124 4
56 108 166 133
56 108 139 133
124 4 143 170
124 4 172 3
124 4 115 19
124 4 106 198
56 133 79 132
56 133 197 198
79 132 49 67
79 132 183 29
79 132 186 118
79 132 9 65
108 141 77 38
108 141 88 166
108 141 87 55
77 38 135 189
77 38 169 70
77 38 95 193
77 38 55 191
108 192 68 85
108 192 80 142
108 192 96 160
68 85 130 193
68 85 48 141
68 85 177 154
68 85 118 111
130 193 168 45
130 193 196 125
130 193 181 170
130 193 15 96
108 136 73 149
108 136 111 170
73 149 159 194
73 149 86 152
73 149 2 143
73 149 162 8
141 160 114 173
141 160 96 160
141 160 1 72
63 153 86 186
63 153 49 75
63 153 150 50
63 153 87 154
63 153 44 96
114 173 63 153
114 173 164 140
114 173 1 50
114 173 91 25
141 163 142 92
141 163 51 190
37 26 86 151
37 26 47 126
37 26 182 162
142 92 37 26
142 92 153 84
142 92 188 50
142 92 65 128
141 14 117 171
141 14 72 132
141 14 142 92
117 171 46 83
117 171 180 167
117 171 19 117
3 70 63 178
3 70 43 118
3 70 130 98
63 178 195 9
63 178 183 116
63 178 104 14
63 178 6 125
3 140 98 189
3 140 196 115
3 140 85 62
98 189 191 97
98 189 173 125
98 189 59 44
3 196 68 186
3 196 68 152
3 196 135 164
68 186 150 50
68 186 157 65
68 186 113 183
50 145 23 63
50 145 41 28
50 145 148 93
23 63 49 135
23 63 186 146
23 63 72 39
23 63 4 147
50 151 54 193
50 151 77 38
50 151 168 78
68 151 172 3
68 151 199 190
68 151 199 167
68 151 95 193
68 151 138 156
54 193 68 151
54 193 110 157
54 193 104 14
50 51 140 77
50 51 132 168
50 51 14 122
140 77 44 96
140 77 135 177
140 77 130 98
140 77 63 112
70 50 138 17
70 50 7 49
138 17 87 160
138 17 165 55
138 17 78 178
70 121 142 195
70 121 188 194
70 121 141 163
75 181 195 179
75 181 168 187
75 181 186 146
75 181 118 188
75 181 67 156
75 181 49 135
142 195 75 181
142 195 92 30
145 198 41 28
145 198 25 145
145 198 138 156
41 28 166 0
41 28 110 156
41 28 32 19
41 28 187 145
145 186 121 75
145 186 106 198
121 75 38 149
121 75 183 116
121 75 87 179
38 149 168 45
38 149 166 73
38 149 196 115
38 149 146 91
145 193 84 51
145 193 105 3
84 51 199 130
84 51 49 75
84 51 115 19
145 30 36 10
145 30 197 22
36 10 158 15
36 10 143 170
36 10 22 52
4 147 31 101
4 147 195 9
22 187 138 156
22 187 172 3
22 187 82 37
22 187 163 165
22 187 61 73
25 32 114 169
25 32 135 197
25 32 44 96
25 32 99 168
114 169 181 170
114 169 47 104
114 169 135 86
114 169 22 187
114 169 188 50
114 169 6 180
31 101 25 32
31 101 132 168
31 101 167 116
138 156 158 5
138 156 151 91
138 156 48 141
4 30 77 68
4 30 96 32
63 183 176 98
63 183 196 115
63 183 34 197
63 183 3 70
77 68 63 183
77 68 193 124
77 68 169 142
77 68 170 32
77 68 0 11
4 39 40 99
4 39 108 192
40 99 199 130
40 99 103 106
40 99 103 157
53 162 26 73
53 162 197 27
26 73 120 107
26 73 86 158
26 73 14 171
120 107 150 21
120 107 181 130
120 107 156 157
120 107 38 113
120 107 132 136
53 80 117 108
53 80 65 132
53 80 168 187
117 108 194 69
117 108 186 146
117 108 127 83
147 53 38 113
147 53 63 183
147 53 159 170
38 113 186 146
38 113 87 55
38 113 14 187
147 178 55 191
147 178 57 154
147 178 107 128
55 191 183 74
55 191 175 172
55 191 110 198
147 167 40 106
147 167 37 26
147 167 157 0
40 106 191 24
40 106 118 161
40 106 48 141
40 106 103 106
5 146 101 173
5 146 123 157
101 173 47 104
101 173 110 165
101 173 88 193
101 173 199 190
5 193 88 193
5 193 66 189
65 178 86 185
65 178 45 102
65 178 166 73
88 193 65 178
88 193 188 194
88 193 155 190
88 193 86 158
88 193 44 96
5 35 71 190
5 35 65 173
71 190 143 108
71 190 172 3
71 190 70 121
90 187 59 44
90 187 195 104
79 181 87 55
79 181 175 172
79 181 24 112
79 181 64 6
59 44 69 21
59 44 62 71
59 44 112 155
59 44 77 84
62 71 98 23
62 71 87 160
62 71 196 47
62 71 177 154
62 71 141 160
98 23 79 181
98 23 191 65
98 23 174 0
98 23 91 166
98 23 57 6
90 165 85 118
90 165 52 146
90 165 28 42
85 118 43 164
85 118 197 100
85 118 145 186
90 179 43 126
90 179 91 166
90 179 194 69
43 126 160 79
43 126 155 162
43 126 96 169
43 126 199 184
90 92 101 162
90 92 135 197
101 162 171 77
101 162 197 13
101 162 73 193
146 90 96 32
146 90 0 6
96 32 68 96
96 32 128 135
96 32 83 1
68 96 152 57
68 96 82 37
68 96 194 103
68 96 123 81
146 76 106 198
146 76 31 73
146 76 153 84
22 52 135 189
22 52 197 100
22 52 46 107
22 52 60 111
106 198 22 52
106 198 183 74
106 198 59 178
106 198 110 198
146 91 129 120
146 91 108 136
146 91 117 108
129 120 199 34
129 120 135 24
129 120 63 153
129 120 163 165
6 125 29 20
6 125 86 127
6 125 14 99
29 20 165 55
29 20 175 172
29 20 177 154
29 20 104 14
6 180 75 45
6 180 66 144
6 180 182 79
79 187 143 170
79 187 168 187
79 187 135 197
79 187 167 166
75 45 79 187
75 45 168 190
75 45 36 71
76 188 51 153
76 188 117 171
138 194 184 57
138 194 194 149
138 194 180 167
138 194 86 199
51 153 138 194
51 153 104 87
51 153 192 110
51 153 23 39
51 153 61 73
76 151 67 115
76 151 157 0
67 115 195 104
67 115 194 103
67 115 97 165
76 39 24 112
76 39 49 67
24 112 87 154
24 112 87 55
24 112 197 22
24 112 36 10
125 76 43 118
125 76 16 104
125 76 133 58
43 118 44 128
43 118 86 185
43 118 47 104
125 182 52 191
125 182 95 63
125 182 182 79
52 191 128 135
52 191 49 135
52 191 5 146
125 142 74 194
125 142 79 187
125 142 7 49
74 194 164 140
74 194 188 194
74 194 104 14
125 43 140 186
125 43 199 184
140 186 106 54
140 186 143 108
140 186 171 77
140 186 69 7
25 145 128 176
25 145 189 198
25 145 118 161
25 145 142 154
106 54 165 10
106 54 25 145
106 54 199 184
106 54 67 117
7 134 116 144
7 134 88 193
7 134 58 168
116 144 183 128
116 144 128 182
116 144 49 67
116 144 7 49
7 49 33 116
7 49 121 166
33 116 186 50
33 116 166 133
33 116 1 72
33 116 110 165
105 180 35 77
105 180 146 90
35 77 49 67
35 77 196 61
35 77 191 24
105 3 65 128
105 3 8 78
65 128 157 65
65 128 189 198
65 128 70 50
134 105 40 158
134 105 36 10
40 158 46 83
40 158 155 162
40 158 135 197
134 172 61 133
134 172 55 158
61 133 194 176
61 133 197 9
61 133 47 39
61 133 75 59
134 29 130 117
134 29 31 153
134 29 6 180
130 117 73 161
130 117 158 5
130 117 135 150
73 161 195 179
73 161 86 199
73 161 185 50
73 161 52 191
8 126 33 177
8 126 42 55
33 177 170 32
33 177 185 50
33 177 87 179
33 177 133 112
8 78 27 74
8 78 112 155
8 78 63 153
27 74 86 171
27 74 110 156
27 74 92 197
58 168 35 95
58 168 188 50
58 168 117 108
35 95 199 184
35 95 189 61
35 95 66 189
58 45 33 91
58 45 41 28
58 45 132 125
33 91 196 115
33 91 194 103
33 91 166 0
33 91 121 166
58 147 113 6
58 147 17 97
113 6 163 72
113 6 44 128
113 6 144 193
58 164 71 102
58 164 147 167
58 164 36 10
71 102 135 150
71 102 188 152
71 102 6 125
126 133 124 187
126 133 97 165
126 133 130 117
124 187 197 198
124 187 175 190
124 187 48 174
124 187 40 99
126 44 24 75
126 44 86 199
126 44 56 133
24 75 191 67
24 75 188 50
24 75 175 190
24 75 83 1
133 58 84 172
133 58 196 61
133 58 72 39
59 178 171 178
59 178 183 128
59 178 171 77
59 178 144 148
84 172 59 178
84 172 175 172
84 172 144 193
133 151 25 117
133 151 58 168
21 37 128 68
21 37 71 167
21 37 111 14
25 117 21 37
25 117 86 171
25 117 156 157
25 117 191 148
25 117 195 104
25 117 0 6
25 117 132 125
71 167 188 50
71 167 65 173
71 167 139 109
133 175 96 169
133 175 58 45
133 175 43 164
96 169 129 93
96 169 151 91
96 169 91 115
34 138 189 61
34 138 183 29
34 138 178 182
34 138 145 193
129 93 150 50
129 93 34 138
129 93 46 83
129 93 195 9
129 93 81 170
129 93 141 163
133 112 80 153
133 112 136 125
133 112 12 126
80 153 47 39
80 153 150 50
80 153 64 68
80 153 199 34
133 143 32 113
133 143 199 184
133 143 182 79
32 113 170 32
32 113 161 69
32 113 39 142
32 113 192 110
9 91 73 193
9 91 64 35
39 61 194 183
39 61 46 83
39 61 188 152
39 61 128 135
73 193 39 61
73 193 49 135
73 193 8 78
9 107 130 32
9 107 64 68
130 32 197 27
130 32 86 183
130 32 62 174
130 32 104 87
9 65 112 155
9 65 181 130
112 155 197 15
112 155 47 126
112 155 130 98
91 115 28 65
91 115 198 165
28 65 86 127
28 65 191 67
28 65 50 145
91 166 29 100
91 166 15 93
29 100 191 65
29 100 192 110
29 100 40 106
29 100 26 121
91 25 27 50
91 25 5 146
27 50 160 79
27 50 187 152
27 50 168 187
27 50 76 151
115 122 121 27
115 122 188 152
121 27 197 9
121 27 46 83
121 27 63 112
115 19 73 45
115 19 17 97
73 45 171 77
73 45 168 190
73 45 144 193
122 163 77 84
122 163 103 69
77 84 69 21
77 84 86 157
77 84 116 83
122 162 21 79
122 162 156 157
21 79 197 198
21 79 189 198
21 79 193 124
21 79 89 142
122 72 116 83
122 72 78 117
122 72 174 103
116 83 48 141
116 83 191 24
116 83 87 154
116 83 41 88
10 131 96 160
10 131 77 84
10 131 72 39
96 160 175 190
96 160 81 82
96 160 61 133
96 160 92 197
10 12 52 151
10 12 114 169
52 151 55 110
52 151 15 132
52 151 86 167
88 176 165 116
88 176 185 50
88 176 169 142
88 176 153 84
88 176 75 45
88 176 106 54
55 110 88 176
55 110 182 43
55 110 150 21
55 110 158 5
78 178 121 166
78 178 102 166
78 178 82 37
121 166 89 143
121 166 197 100
121 166 187 152
78 148 81 82
78 148 86 184
78 148 85 62
78 117 163 165
78 117 163 72
78 117 116 155
131 78 185 50
131 78 170 32
131 78 15 133
131 78 87 154
131 191 82 37
131 191 135 164
131 191 98 23
131 191 183 116
131 146 49 135
131 146 166 0
131 146 93 185
131 146 174 13
11 107 181 170
11 107 47 104
11 107 125 142
11 182 26 67
11 182 92 187
26 67 187 145
26 67 189 61
26 67 75 45
107 172 112 67
107 172 124 187
107 172 107 169
112 67 198 165
112 67 135 24
112 67 147 178
107 169 100 148
107 169 125 182
107 169 98 66
52 146 194 40
52 146 168 45
52 146 38 130
52 146 101 173
100 148 52 146
100 148 171 178
100 148 110 198
100 148 86 167
107 128 65 132
107 128 86 167
65 132 167 116
65 132 163 165
65 132 106 198
107 174 47 39
107 174 46 83
107 174 122 163
107 174 148 130
12 149 67 117
12 149 116 155
12 149 169 142
67 117 199 167
67 117 190 46
67 117 5 35
67 117 142 195
12 9 186 146
12 9 174 0
12 9 60 29
12 9 155 190
12 126 66 80
12 126 14 122
57 154 100 175
57 154 43 164
57 154 85 118
57 154 61 133
100 175 86 186
100 175 197 27
100 175 104 14
100 175 86 167
100 175 51 153
100 175 131 78
66 80 57 154
66 80 110 198
66 80 173 125
137 159 68 137
137 159 174 0
68 137 118 188
68 137 128 176
68 137 46 89
137 180 102 166
137 180 0 11
137 180 149 182
102 166 171 77
102 166 183 29
102 166 106 129
137 148 117 124
137 148 25 145
117 124 104 14
117 124 186 118
117 124 182 162
149 137 41 88
149 137 19 123
149 137 194 183
24 96 185 50
24 96 119 188
41 88 24 96
41 88 187 183
41 88 135 24
41 88 199 130
41 88 0 6
41 88 97 165
149 163 94 164
149 163 179 78
149 163 194 103
94 164 135 86
94 164 188 3
94 164 64 6
149 54 121 39
149 54 119 101
121 39 135 189
121 39 103 157
121 39 127 168
121 39 46 107
149 182 195 9
149 182 169 70
149 182 173 125
13 139 158 5
13 139 110 198
13 139 51 153
13 18 182 162
13 18 128 68
13 18 117 171
13 18 20 94
13 188 199 167
13 188 87 55
13 188 116 180
109 192 69 192
109 192 197 27
109 192 83 1
109 158 55 158
109 158 186 146
109 158 32 113
55 158 179 78
55 158 86 186
55 158 8 78
109 189 36 152
109 189 49 67
109 189 168 78
36 152 194 176
36 152 196 125
36 152 137 180
139 109 59 57
139 109 138 194
139 109 161 69
59 57 197 198
59 57 152 57
59 57 67 117
139 133 135 150
139 133 186 117
139 133 81 193
14 99 175 190
14 99 110 165
14 99 32 19
14 99 2 143
14 171 69 21
14 171 47 104
14 171 164 140
14 122 103 157
14 122 168 187
14 122 48 110
14 122 12 149
14 187 160 79
14 187 174 13
14 187 9 65
99 127 197 100
99 127 179 78
99 127 143 108
99 127 171 99
99 168 174 103
99 168 167 116
99 168 13 188
127 168 47 39
127 168 110 198
127 168 77 84
127 156 198 165
127 156 193 124
127 156 63 178
127 83 178 182
127 83 188 3
127 83 90 165
15 93 191 24
15 93 173 125
15 93 79 181
15 10 176 98
15 10 177 154
15 10 68 85
15 10 90 187
15 96 104 87
15 96 128 135
15 96 132 168
15 96 29 100
15 133 57 6
15 133 99 127
15 133 144 193
57 6 155 162
57 6 168 190
57 6 172 3
15 132 128 135
15 132 197 13
15 132 191 24
15 132 62 174
93 196 184 57
93 196 171 178
93 196 149 163
93 185 124 161
93 185 111 170
124 161 168 187
124 161 166 73
124 161 187 183
93 96 98 141
93 96 57 154
98 141 189 61
98 141 110 156
98 141 34 189
98 141 112 155
93 123 46 107
93 123 44 45
93 123 77 84
16 119 174 168
16 119 110 156
16 119 54 142
16 1 188 194
16 1 49 67
16 1 117 171
16 1 90 187
16 104 151 91
16 104 195 104
16 104 65 173
119 188 28 58
119 188 171 99
28 58 157 65
28 58 173 125
28 58 195 9
28 58 79 181
119 196 34 197
119 196 172 3
34 197 45 103
34 197 47 104
34 197 158 15
34 197 7 134
119 101 44 45
119 101 86 199
119 101 181 130
119 101 17 97
119 173 182 79
119 173 172 121
119 173 129 120
17 97 163 165
17 97 199 130
17 97 73 149
17 32 171 77
17 32 153 84
17 32 94 19
97 173 195 104
97 173 189 198
97 173 182 162
97 178 82 37
97 178 135 164
97 178 96 169
97 178 135 179
97 165 67 156
97 165 191 148
97 165 138 17
67 156 174 103
67 156 182 162
67 156 36 71
67 156 169 73
18 92 87 82
18 92 86 183
18 92 78 148
18 96 52 181
18 96 135 164
18 96 157 65
52 181 186 50
52 181 175 190
52 181 191 163
18 76 51 151
18 76 90 165
18 76 179 78
51 151 130 98
51 151 87 179
51 151 64 68
51 151 24 75
130 98 179 46
130 98 182 79
130 98 69 21
130 98 199 184
130 98 123 83
92 187 61 73
92 187 66 144
92 187 85 118
61 73 110 198
61 73 174 103
61 73 123 81
61 73 123 83
92 197 151 91
92 197 169 70
92 197 8 126
92 197 147 178
92 30 110 156
92 30 168 190
92 30 111 170
92 30 86 158
19 123 186 146
19 123 48 110
19 123 194 183
19 123 183 29
19 117 163 165
19 117 187 152
19 117 144 158
19 117 98 199
19 163 184 57
19 163 103 69
19 163 110 165
19 163 68 151
83 163 80 142
83 163 181 170
83 163 85 62
80 142 183 74
80 142 156 157
80 142 133 143
80 142 114 169
83 1 84 193
83 1 73 161
83 1 135 177
84 193 182 43
84 193 89 142
84 193 194 103
84 193 118 161
123 83 86 127
123 83 183 128
123 83 194 40
123 83 38 113
123 178 100 177
123 178 1 50
100 177 47 126
100 177 156 157
100 177 98 23
123 81 28 42
123 81 177 154
28 42 181 130
28 42 181 188
28 42 42 55
28 42 88 129
123 157 88 166
123 157 134 105
123 157 49 75
88 166 168 187
88 166 191 67
88 166 147 178
20 140 54 175
20 140 33 177
20 140 122 72
63 112 157 65
63 112 135 150
63 112 103 106
63 112 177 154
63 112 150 21
54 175 63 112
54 175 172 3
54 175 128 135
20 72 170 49
20 72 87 82
20 72 198 165
20 94 31 73
20 94 50 51
31 73 110 198
31 73 181 170
31 73 86 151
31 73 11 107
95 193 186 118
95 193 135 177
95 193 169 70
95 193 101 173
95 63 32 19
95 63 126 133
95 63 23 39
32 19 89 183
32 19 186 146
32 19 194 69
32 19 5 193
140 95 46 107
140 95 199 184
140 95 118 161
140 95 118 111
140 95 128 182
140 95 128 176
140 95 128 68
140 95 45 102
140 95 69 7
140 95 103 69
140 95 103 106
140 95 46 89
140 95 89 95
140 95 89 142
140 95 81 170
140 95 87 179
140 95 104 164
140 95 48 110
140 95 48 174
140 95 110 157
140 95 86 152
140 95 86 183
140 95 86 184
140 95 86 158
140 95 86 167
140 95 86 199
140 95 86 186
140 95 135 164
140 95 135 179
140 95 135 177
140 95 135 197
140 95 153 84
140 95 154 175
140 95 155 190
140 95 159 170
140 95 160 65
140 95 161 69
140 95 162 8
140 95 165 10
140 95 165 116
140 95 165 188
140 95 167 166
140 95 167 143
140 95 168 78
140 95 169 73
140 95 170 167
140 95 172 3
140 95 174 13
140 95 174 0
140 95 175 172
140 95 177 154
140 95 179 46
140 95 179 94
140 95 180 167
140 95 181 188
140 95 183 116
140 95 183 29
140 95 184 195
140 95 186 117
140 95 187 152
140 95 188 152
140 95 188 3
140 95 189 89
140 95 190 46
140 95 191 148
140 95 191 163
140 95 192 110
140 95 193 124
140 95 194 40
140 95 194 149
140 95 194 183
140 95 196 47
140 95 196 125
140 95 196 61
140 95 197 22
140 95 197 13
140 95 198 141
140 95 199 110
140 95 3 70
43 164 86 171
43 164 197 9
118 188 55 115
118 188 199 34
118 161 32 113
118 161 113 6
118 111 44 128
44 128 13 188
44 128 58 164
44 45 75 59
44 45 135 177
44 96 11 182
44 96 56 108
128 182 149 163
128 182 145 30
128 176 185 50
128 135 166 0
128 135 40 158
128 68 30 11
45 103 74 114
45 103 113 6
45 102 185 50
69 192 111 160
69 21 37 64
69 21 32 19
69 7 24 75
103 69 28 42
103 157 188 3
103 157 192 110
103 106 9 91
46 89 86 152
46 83 1 136
89 143 34 189
89 143 17 32
89 183 116 155
89 95 114 169
89 142 175 190
89 142 62 71
143 170 125 182
143 170 92 197
143 108 167 143
47 104 84 51
47 104 186 117
47 126 23 39
47 126 37 58
47 39 114 173
47 39 2 22
81 193 100 148
81 193 186 146
81 170 87 179
81 170 28 42
81 82 135 176
81 82 158 15
82 37 79 132
82 37 18 96
87 82 81 82
87 82 101 171
87 154 144 158
87 154 69 21
87 160 117 124
87 55 146 90
87 55 50 151
87 179 124 161
87 179 49 75
104 87 52 151
104 164 48 110
104 164 183 116
104 14 133 112
48 110 137 148
48 174 61 133
48 174 197 13
48 141 113 6
48 141 1 72
110 165 129 120
110 157 140 77
110 156 14 187
110 198 140 186
49 135 96 160
49 75 51 115
49 75 11 107
49 67 59 44
86 151 156 157
86 151 125 182
86 152 36 152
86 183 63 153
86 184 97 165
86 185 135 176
86 185 29 100
86 157 130 117
86 158 191 65
86 167 91 115
86 167 98 199
86 171 142 154
86 171 197 27
86 199 157 0
86 186 86 199
86 186 1 136
86 127 116 144
86 127 97 173
135 86 123 83
135 86 70 50
135 164 150 50
135 164 13 18
135 179 140 77
135 176 135 86
135 177 2 22
135 177 101 173
135 189 41 88
135 189 22 28
135 197 51 153
135 197 150 21
135 150 191 97
135 24 17 97
150 21 112 67
150 50 29 100
150 50 5 193
151 91 84 51
151 91 138 17
152 57 187 183
152 57 130 32
153 84 39 61
153 84 135 179
154 175 78 178
155 162 59 178
155 190 129 120
155 190 146 90
156 157 48 174
157 0 86 183
157 0 113 6
157 65 144 148
157 65 109 192
158 15 110 156
158 5 189 89
159 194 111 62
159 170 64 35
159 170 52 146
160 65 145 198
160 79 16 1
160 79 66 80
161 69 41 28
161 69 181 170
162 8 38 149
163 165 175 190
163 72 126 133
164 140 114 182
164 140 158 15
165 55 109 192
165 55 96 160
165 10 137 180
165 116 11 182
165 188 131 191
166 133 163 72
166 133 98 199
166 0 108 192
166 73 105 3
167 166 27 74
167 166 40 99
167 143 48 110
167 116 35 77
167 116 101 162
168 45 41 88
168 45 129 120
168 187 188 50
168 187 142 195
168 190 140 77
168 190 29 100
168 78 109 192
168 78 115 19
169 73 62 174
169 142 123 178
169 142 134 105
169 70 153 84
169 70 75 181
170 167 50 51
170 167 135 176
170 49 127 83
170 32 134 105
170 32 0 11
171 99 55 115
171 99 100 177
171 99 87 160
171 178 154 175
171 178 46 107
171 178 138 17
171 77 137 159
171 77 143 108
171 77 22 52
171 77 47 39
172 121 5 193
172 121 33 125
172 121 137 180
172 121 143 108
172 3 45 102
173 125 135 179
173 125 6 125
174 103 131 191
174 13 129 93
174 13 27 74
174 13 49 135
174 13 138 156
174 168 162 8
174 168 125 76
174 168 98 141
174 0 194 103
174 0 134 172
174 0 33 125
175 190 182 43
175 190 167 166
175 190 98 66
175 190 142 195
175 172 7 134
175 172 22 187
176 98 137 159
176 98 167 166
177 154 49 135
177 154 138 17
177 154 86 183
178 182 15 132
178 182 130 98
178 182 3 196
179 46 44 128
179 46 58 45
179 94 145 186
179 1 64 6
179 1 36 152
179 1 194 149
179 78 191 65
180 167 76 39
180 167 4 39
181 130 38 149
181 188 191 148
181 188 194 69
181 188 152 57
181 188 113 6
181 170 133 112
181 170 131 191
181 170 15 96
182 43 122 163
182 162 30 94
182 162 23 63
182 162 111 62
182 162 73 45
182 79 139 109
182 79 197 15
183 116 123 178
183 116 127 156
183 116 71 50
183 116 80 142
183 128 108 141
183 29 9 91
183 29 149 54
183 74 4 39
183 74 68 151
183 74 60 29
184 57 49 67
184 57 198 141
184 57 38 149
184 57 135 179
184 195 170 32
184 195 144 193
185 50 126 133
186 117 90 187
186 118 22 28
186 118 131 78
186 118 98 23
186 146 195 9
186 50 0 8
186 50 79 132
186 50 132 125
186 50 46 107
187 152 86 199
187 152 89 95
187 152 16 1
187 183 54 142
187 145 178 182
187 145 16 119
188 152 5 193
188 152 117 124
188 152 110 157
188 194 116 144
188 194 168 78
188 3 138 194
188 3 11 182
188 3 9 107
188 50 188 152
189 61 111 190
189 61 0 144
189 61 112 155
189 61 46 83
189 198 47 126
189 198 31 73
189 89 85 62
190 46 47 39
190 46 193 124
190 46 143 108
191 65 0 11
191 65 14 99
191 148 111 62
191 148 106 198
191 148 68 152
191 97 111 63
191 24 93 123
191 67 146 91
191 67 65 178
191 67 168 45
191 67 0 6
191 67 145 30
191 163 86 183
191 163 100 175
191 163 161 69
191 163 67 117
191 163 14 187
192 110 53 162
192 110 116 144
192 110 97 173
193 124 180 167
193 124 122 162
193 124 163 165
194 103 24 112
194 103 36 152
194 103 170 167
194 69 163 72
194 69 4 39
194 69 79 181
194 69 135 176
194 40 193 124
194 149 147 178
194 149 114 169
194 176 169 70
194 183 25 32
194 183 89 183
194 183 93 96
194 183 11 107
195 9 63 153
195 9 79 181
195 9 45 103
195 9 86 183
195 9 91 25
195 9 3 140
195 104 116 180
195 104 9 91
195 179 188 152
195 179 116 155
195 179 89 95
195 179 87 82
195 179 105 180
196 115 111 190
196 115 72 39
196 115 147 167
196 115 134 172
196 115 52 151
196 47 112 67
196 47 30 94
196 125 71 190
196 125 64 68
196 125 61 133
196 125 22 28
196 61 89 183
196 61 63 153
196 61 103 157
197 9 88 129
197 9 81 82
197 22 86 184
197 22 94 164
197 22 135 189
197 22 37 58
197 22 115 122
197 100 111 14
197 100 133 151
197 100 167 166
197 100 199 130
197 13 88 193
197 13 44 128
197 13 22 187
197 15 84 51
197 15 164 140
197 15 101 173
197 198 14 171
197 27 16 1
197 27 197 15
198 165 165 10
79 57 0 144
129 120 0 144
15 93 0 144
171 178 79 57
103 69 79 57
117 171 79 57
24 112 79 57
116 155 0 8
35 95 0 8
98 23 0 8
181 188 0 8
110 198 33 125
64 35 33 125
50 145 33 125
33 125 116 155
69 7 116 155
46 107 116 155
196 61 116 155
141 14 116 155
106 129 116 155
134 105 116 155
197 15 64 35
168 190 64 35
103 106 64 35
128 176 64 35
51 190 64 35
64 6 0 6
141 14 0 6
169 70 64 6
48 110 64 6
85 50 64 6
111 160 64 6
168 45 64 6
98 199 0 11
187 145 0 11
105 180 0 11
11 182 0 11
5 146 0 11
81 193 98 199
86 151 98 199
134 105 98 199
86 183 98 199
115 19 98 199
136 165 98 199
113 183 0 141
90 187 0 141
73 45 0 141
90 165 0 141
135 24 23 39
170 49 23 39
135 86 23 39
104 164 23 39
89 142 23 39
86 167 23 39
23 39 113 183
146 91 113 183
26 121 60 111
56 133 60 111
197 100 60 111
102 166 60 111
166 73 26 121
166 0 26 121
37 64 26 121
12 126 26 121
178 182 26 121
120 156 60 29
178 182 60 29
68 96 60 29
167 143 60 29
157 0 120 156
89 143 120 156
166 73 120 156
33 125 120 156
101 171 60 110
34 189 60 110
85 118 60 110
155 162 60 110
197 9 101 171
86 167 101 171
51 190 101 171
2 22 101 171
62 174 101 171
71 50 111 155
16 1 111 155
199 167 111 155
15 10 111 155
169 142 71 50
81 170 71 50
73 45 71 50
87 82 71 50
34 189 111 190
135 177 111 190
135 176 34 189
174 13 34 189
96 108 34 189
98 66 34 189
38 130 111 160
137 159 111 160
141 160 111 160
106 129 38 130
178 182 38 130
135 189 38 130
107 172 38 130
114 173 38 130
49 135 106 129
194 69 106 129
178 182 106 129
85 50 106 129
130 32 106 129
169 73 106 129
98 66 111 14
41 28 111 14
195 104 111 14
173 125 98 66
150 50 98 66
84 172 98 66
88 193 98 66
179 46 98 66
125 142 98 66
94 19 111 62
18 96 111 62
37 58 111 62
135 24 94 19
196 61 94 19
0 141 94 19
111 155 94 19
97 165 94 19
85 62 111 170
2 22 111 170
71 167 111 170
179 1 85 62
195 104 85 62
58 164 85 62
79 57 85 62
142 154 111 63
135 86 111 63
191 163 111 63
55 158 111 63
143 170 142 154
46 89 142 154
29 100 142 154
170 167 142 154
68 152 142 154
20 140 142 154
39 142 144 158
149 182 144 158
90 187 144 158
37 64 144 158
99 127 144 158
49 135 39 142
87 55 39 142
35 95 39 142
30 11 144 148
33 177 144 148
135 164 144 148
44 45 30 11
194 176 30 11
68 152 30 11
123 157 30 11
191 65 30 11
52 191 30 11
88 129 144 171
6 125 144 171
141 163 144 171
170 49 88 129
158 15 88 129
59 57 88 129
64 68 144 193
124 187 144 193
194 149 144 193
156 157 64 68
182 162 64 68
163 72 64 68
75 59 148 60
86 183 148 60
7 49 148 60
59 178 148 60
194 103 75 59
89 143 75 59
63 112 75 59
68 152 148 130
130 117 148 130
123 81 148 130
155 162 148 130
0 141 148 130
194 103 68 152
184 195 68 152
25 117 68 152
42 179 148 93
199 190 148 93
176 98 37 64
143 108 37 64
44 128 37 64
37 64 85 50
45 102 85 50
197 22 85 50
85 50 42 179
168 190 42 179
157 65 42 179
135 150 42 179
59 178 42 179
98 66 42 179
96 108 1 72
39 142 1 72
46 107 1 72
172 121 96 108
48 174 96 108
165 10 96 108
18 96 96 108
51 115 1 50
130 98 1 50
62 174 51 115
87 160 51 115
158 15 51 115
141 160 51 115
165 10 62 174
175 190 62 174
18 96 62 174
7 134 62 174
22 28 1 136
45 102 1 136
116 180 22 28
153 84 22 28
189 61 22 28
68 151 22 28
136 36 22 28
110 198 116 180
191 97 116 180
169 142 116 180
101 162 116 180
37 58 72 132
78 148 72 132
167 116 37 58
196 125 37 58
197 13 37 58
65 173 72 167
101 162 72 167
52 146 72 167
187 183 57 50
47 126 57 50
197 100 57 50
18 96 57 50
57 50 65 173
103 69 65 173
97 178 65 173
86 184 65 173
94 183 72 194
43 126 72 194
186 118 72 194
197 27 94 183
44 96 94 183
194 69 94 183
36 71 72 39
124 4 72 39
32 19 72 39
194 40 114 182
171 99 114 182
194 103 114 182
135 189 114 182
97 178 114 182
114 182 36 71
115 122 36 71
133 112 36 71
30 94 72 126
191 163 72 126
82 37 30 94
110 198 30 94
108 192 30 94
42 55 132 136
88 193 132 136
143 170 42 55
181 170 42 55
116 155 42 55
79 132 42 55
31 153 132 125
191 24 132 125
51 153 132 125
110 165 31 153
196 61 31 153
150 50 31 153
147 53 31 153
113 190 132 168
159 170 132 168
191 65 113 190
197 198 113 190
102 166 113 190
11 182 113 190
66 144 136 165
0 6 136 165
176 98 136 165
197 15 66 144
48 174 66 144
188 152 66 144
54 142 136 125
88 129 136 125
149 137 136 125
135 86 54 142
157 0 54 142
97 165 54 142
73 149 54 142
102 54 136 36
111 190 136 36
165 116 136 36
86 157 102 54
46 107 102 54
111 160 102 54
74 114 2 56
175 190 2 56
166 133 74 114
189 61 74 114
113 183 74 114
114 182 74 114
55 115 2 143
47 126 2 143
47 39 55 115
153 84 55 115
98 66 55 115
24 75 55 115
51 190 2 22
172 121 2 22
66 189 51 190
143 108 51 190
128 68 51 190
44 96 51 190
110 165 51 190
44 96 66 189
194 69 66 189
159 170 66 189
131 146 66 189
124 4 56 108
166 133 56 108
139 133 56 108
143 170 124 4
172 3 124 4
115 19 124 4
106 198 124 4
79 132 56 133
197 198 56 133
49 67 79 132
183 29 79 132
186 118 79 132
9 65 79 132
77 38 108 141
88 166 108 141
87 55 108 141
135 189 77 38
169 70 77 38
95 193 77 38
55 191 77 38
68 85 108 192
80 142 108 192
96 160 108 192
130 193 68 85
48 141 68 85
177 154 68 85
118 111 68 85
168 45 130 193
196 125 130 193
181 170 130 193
15 96 130 193
73 149 108 136
111 170 108 136
159 194 73 149
86 152 73 149
2 143 73 149
162 8 73 149
114 173 141 160
96 160 141 160
1 72 141 160
86 186 63 153
49 75 63 153
150 50 63 153
87 154 63 153
44 96 63 153
63 153 114 173
164 140 114 173
1 50 114 173
91 25 114 173
142 92 141 163
51 190 141 163
86 151 37 26
47 126 37 26
182 162 37 26
37 26 142 92
153 84 142 92
188 50 142 92
65 128 142 92
117 171 141 14
72 132 141 14
142 92 141 14
46 83 117 171
180 167 117 171
19 117 117 171
63 178 3 70
43 118 3 70
130 98 3 70
195 9 63 178
183 116 63 178
104 14 63 178
6 125 63 178
98 189 3 140
196 115 3 140
85 62 3 140
191 97 98 189
173 125 98 189
59 44 98 189
68 186 3 196
68 152 3 196
135 164 3 196
150 50 68 186
157 65 68 186
113 183 68 186
23 63 50 145
41 28 50 145
148 93 50 145
49 135 23 63
186 146 23 63
72 39 23 63
4 147 23 63
54 193 50 151
77 38 50 151
168 78 50 151
172 3 68 151
199 190 68 151
199 167 68 151
95 193 68 151
138 156 68 151
68 151 54 193
110 157 54 193
104 14 54 193
140 77 50 51
132 168 50 51
14 122 50 51
44 96 140 77
135 177 140 77
130 98 140 77
63 112 140 77
138 17 70 50
7 49 70 50
87 160 138 17
165 55 138 17
78 178 138 17
142 195 70 121
188 194 70 121
141 163 70 121
195 179 75 181
168 187 75 181
186 146 75 181
118 188 75 181
67 156 75 181
49 135 75 181
75 181 142 195
92 30 142 195
41 28 145 198
25 145 145 198
138 156 145 198
166 0 41 28
110 156 41 28
32 19 41 28
187 145 41 28
121 75 145 186
106 198 145 186
38 149 121 75
183 116 121 75
87 179 121 75
168 45 38 149
166 73 38 149
196 115 38 149
146 91 38 149
84 51 145 193
105 3 145 193
199 130 84 51
49 75 84 51
115 19 84 51
36 10 145 30
197 22 145 30
158 15 36 10
143 170 36 10
22 52 36 10
31 101 4 147
195 9 4 147
138 156 22 187
172 3 22 187
82 37 22 187
163 165 22 187
61 73 22 187
114 169 25 32
135 197 25 32
44 96 25 32
99 168 25 32
181 170 114 169
47 104 114 169
135 86 114 169
22 187 114 169
188 50 114 169
6 180 114 169
25 32 31 101
132 168 31 101
167 116 31 101
158 5 138 156
151 91 138 156
48 141 138 156
77 68 4 30
96 32 4 30
176 98 63 183
196 115 63 183
34 197 63 183
3 70 63 183
63 183 77 68
193 124 77 68
169 142 77 68
170 32 77 68
0 11 77 68
40 99 4 39
108 192 4 39
199 130 40 99
103 106 40 99
103 157 40 99
26 73 53 162
197 27 53 162
120 107 26 73
86 158 26 73
14 171 26 73
150 21 120 107
181 130 120 107
156 157 120 107
38 113 120 107
132 136 120 107
117 108 53 80
65 132 53 80
168 187 53 80
194 69 117 108
186 146 117 108
127 83 117 108
38 113 147 53
63 183 147 53
159 170 147 53
186 146 38 113
87 55 38 113
14 187 38 113
55 191 147 178
57 154 147 178
107 128 147 178
183 74 55 191
175 172 55 191
110 198 55 191
40 106 147 167
37 26 147 167
157 0 147 167
191 24 40 106
118 161 40 106
48 141 40 106
103 106 40 106
101 173 5 146
123 157 5 146
47 104 101 173
110 165 101 173
88 193 101 173
199 190 101 173
88 193 5 193
66 189 5 193
86 185 65 178
45 102 65 178
166 73 65 178
65 178 88 193
188 194 88 193
155 190 88 193
86 158 88 193
44 96 88 193
71 190 5 35
65 173 5 35
143 108 71 190
172 3 71 190
70 121 71 190
59 44 90 187
195 104 90 187
87 55 79 181
175 172 79 181
24 112 79 181
64 6 79 181
69 21 59 44
62 71 59 44
112 155 59 44
77 84 59 44
98 23 62 71
87 160 62 71
196 47 62 71
177 154 62 71
141 160 62 71
79 181 98 23
191 65 98 23
174 0 98 23
91 166 98 23
57 6 98 23
85 118 90 165
52 146 90 165
28 42 90 165
43 164 85 118
197 100 85 118
145 186 85 118
43 126 90 179
91 166 90 179
194 69 90 179
160 79 43 126
155 162 43 126
96 169 43 126
199 184 43 126
101 162 90 92
135 197 90 92
171 77 101 162
197 13 101 162
73 193 101 162
96 32 146 90
0 6 146 90
68 96 96 32
128 135 96 32
83 1 96 32
152 57 68 96
82 37 68 96
194 103 68 96
123 81 68 96
106 198 146 76
31 73 146 76
153 84 146 76
135 189 22 52
197 100 22 52
46 107 22 52
60 111 22 52
22 52 106 198
183 74 106 198
59 178 106 198
110 198 106 198
129 120 146 91
108 136 146 91
117 108 146 91
199 34 129 120
135 24 129 120
63 153 129 120
163 165 129 120
29 20 6 125
86 127 6 125
14 99 6 125
165 55 29 20
175 172 29 20
177 154 29 20
104 14 29 20
75 45 6 180
66 144 6 180
182 79 6 180
143 170 79 187
168 187 79 187
135 197 79 187
167 166 79 187
79 187 75 45
168 190 75 45
36 71 75 45
51 153 76 188
117 171 76 188
184 57 138 194
194 149 138 194
180 167 138 194
86 199 138 194
138 194 51 153
104 87 51 153
192 110 51 153
23 39 51 153
61 73 51 153
67 115 76 151
157 0 76 151
195 104 67 115
194 103 67 115
97 165 67 115
24 112 76 39
49 67 76 39
87 154 24 112
87 55 24 112
197 22 24 112
36 10 24 112
43 118 125 76
16 104 125 76
133 58 125 76
44 128 43 118
86 185 43 118
47 104 43 118
52 191 125 182
95 63 125 182
182 79 125 182
128 135 52 191
49 135 52 191
5 146 52 191
74 194 125 142
79 187 125 142
7 49 125 142
164 140 74 194
188 194 74 194
104 14 74 194
140 186 125 43
199 184 125 43
106 54 140 186
143 108 140 186
171 77 140 186
69 7 140 186
128 176 25 145
189 198 25 145
118 161 25 145
142 154 25 145
165 10 106 54
25 145 106 54
199 184 106 54
67 117 106 54
116 144 7 134
88 193 7 134
58 168 7 134
183 128 116 144
128 182 116 144
49 67 116 144
7 49 116 144
33 116 7 49
121 166 7 49
186 50 33 116
166 133 33 116
1 72 33 116
110 165 33 116
35 77 105 180
146 90 105 180
49 67 35 77
196 61 35 77
191 24 35 77
65 128 105 3
8 78 105 3
157 65 65 128
189 198 65 128
70 50 65 128
40 158 134 105
36 10 134 105
46 83 40 158
155 162 40 158
135 197 40 158
61 133 134 172
55 158 134 172
194 176 61 133
197 9 61 133
47 39 61 133
75 59 61 133
130 117 134 29
31 153 134 29
6 180 134 29
73 161 130 117
158 5 130 117
135 150 130 117
195 179 73 161
86 199 73 161
185 50 73 161
52 191 73 161
33 177 8 126
42 55 8 126
170 32 33 177
185 50 33 177
87 179 33 177
133 112 33 177
27 74 8 78
112 155 8 78
63 153 8 78
86 171 27 74
110 156 27 74
92 197 27 74
35 95 58 168
188 50 58 168
117 108 58 168
199 184 35 95
189 61 35 95
66 189 35 95
33 91 58 45
41 28 58 45
132 125 58 45
196 115 33 91
194 103 33 91
166 0 33 91
121 166 33 91
113 6 58 147
17 97 58 147
163 72 113 6
44 128 113 6
144 193 113 6
71 102 58 164
147 167 58 164
36 10 58 164
135 150 71 102
188 152 71 102
6 125 71 102
124 187 126 133
97 165 126 133
130 117 126 133
197 198 124 187
175 190 124 187
48 174 124 187
40 99 124 187
24 75 126 44
86 199 126 44
56 133 126 44
191 67 24 75
188 50 24 75
175 190 24 75
83 1 24 75
84 172 133 58
196 61 133 58
72 39 133 58
171 178 59 178
183 128 59 178
171 77 59 178
144 148 59 178
59 178 84 172
175 172 84 172
144 193 84 172
25 117 133 151
58 168 133 151
128 68 21 37
71 167 21 37
111 14 21 37
21 37 25 117
86 171 25 117
156 157 25 117
191 148 25 117
195 104 25 117
0 6 25 117
132 125 25 117
188 50 71 167
65 173 71 167
139 109 71 167
96 169 133 175
58 45 133 175
43 164 133 175
129 93 96 169
151 91 96 169
91 115 96 169
189 61 34 138
183 29 34 138
178 182 34 138
145 193 34 138
150 50 129 93
34 138 129 93
46 83 129 93
195 9 129 93
81 170 129 93
141 163 129 93
80 153 133 112
136 125 133 112
12 126 133 112
47 39 80 153
150 50 80 153
64 68 80 153
199 34 80 153
32 113 133 143
199 184 133 143
182 79 133 143
170 32 32 113
161 69 32 113
39 142 32 113
192 110 32 113
73 193 9 91
64 35 9 91
194 183 39 61
46 83 39 61
188 152 39 61
128 135 39 61
39 61 73 193
49 135 73 193
8 78 73 193
130 32 9 107
64 68 9 107
197 27 130 32
86 183 130 32
62 174 130 32
104 87 130 32
112 155 9 65
181 130 9 65
197 15 112 155
47 126 112 155
130 98 112 155
28 65 91 115
198 165 91 115
86 127 28 65
191 67 28 65
50 145 28 65
29 100 91 166
15 93 91 166
191 65 29 100
192 110 29 100
40 106 29 100
26 121 29 100
27 50 91 25
5 146 91 25
160 79 27 50
187 152 27 50
168 187 27 50
76 151 27 50
121 27 115 122
188 152 115 122
197 9 121 27
46 83 121 27
63 112 121 27
73 45 115 19
17 97 115 19
171 77 73 45
168 190 73 45
144 193 73 45
77 84 122 163
103 69 122 163
69 21 77 84
86 157 77 84
116 83 77 84
21 79 122 162
156 157 122 162
197 198 21 79
189 198 21 79
193 124 21 79
89 142 21 79
116 83 122 72
78 117 122 72
174 103 122 72
48 141 116 83
191 24 116 83
87 154 116 83
41 88 116 83
96 160 10 131
77 84 10 131
72 39 10 131
175 190 96 160
81 82 96 160
61 133 96 160
92 197 96 160
52 151 10 12
114 169 10 12
55 110 52 151
15 132 52 151
86 167 52 151
165 116 88 176
185 50 88 176
169 142 88 176
153 84 88 176
75 45 88 176
106 54 88 176
88 176 55 110
182 43 55 110
150 21 55 110
158 5 55 110
121 166 78 178
102 166 78 178
82 37 78 178
89 143 121 166
197 100 121 166
187 152 121 166
81 82 78 148
86 184 78 148
85 62 78 148
163 165 78 117
163 72 78 117
116 155 78 117
185 50 131 78
170 32 131 78
15 133 131 78
87 154 131 78
82 37 131 191
135 164 131 191
98 23 131 191
183 116 131 191
49 135 131 146
166 0 131 146
93 185 131 146
174 13 131 146
181 170 11 107
47 104 11 107
125 142 11 107
26 67 11 182
92 187 11 182
187 145 26 67
189 61 26 67
75 45 26 67
112 67 107 172
124 187 107 172
107 169 107 172
198 165 112 67
135 24 112 67
147 178 112 67
100 148 107 169
125 182 107 169
98 66 107 169
194 40 52 146
168 45 52 146
38 130 52 146
101 173 52 146
52 146 100 148
171 178 100 148
110 198 100 148
86 167 100 148
65 132 107 128
86 167 107 128
167 116 65 132
163 165 65 132
106 198 65 132
47 39 107 174
46 83 107 174
122 163 107 174
148 130 107 174
67 117 12 149
116 155 12 149
169 142 12 149
199 167 67 117
190 46 67 117
5 35 67 117
142 195 67 117
186 146 12 9
174 0 12 9
60 29 12 9
155 190 12 9
66 80 12 126
14 122 12 126
100 175 57 154
43 164 57 154
85 118 57 154
61 133 57 154
86 186 100 175
197 27 100 175
104 14 100 175
86 167 100 175
51 153 100 175
131 78 100 175
57 154 66 80
110 198 66 80
173 125 66 80
68 137 137 159
174 0 137 159
118 188 68 137
128 176 68 137
46 89 68 137
102 166 137 180
0 11 137 180
149 182 137 180
171 77 102 166
183 29 102 166
106 129 102 166
117 124 137 148
25 145 137 148
104 14 117 124
186 118 117 124
182 162 117 124
41 88 149 137
19 123 149 137
194 183 149 137
185 50 24 96
119 188 24 96
24 96 41 88
187 183 41 88
135 24 41 88
199 130 41 88
0 6 41 88
97 165 41 88
94 164 149 163
179 78 149 163
194 103 149 163
135 86 94 164
188 3 94 164
64 6 94 164
121 39 149 54
119 101 149 54
135 189 121 39
103 157 121 39
127 168 121 39
46 107 121 39
195 9 149 182
169 70 149 182
173 125 149 182
158 5 13 139
110 198 13 139
51 153 13 139
182 162 13 18
128 68 13 18
117 171 13 18
20 94 13 18
199 167 13 188
87 55 13 188
116 180 13 188
69 192 109 192
197 27 109 192
83 1 109 192
55 158 109 158
186 146 109 158
32 113 109 158
179 78 55 158
86 186 55 158
8 78 55 158
36 152 109 189
49 67 109 189
168 78 109 189
194 176 36 152
196 125 36 152
137 180 36 152
59 57 139 109
138 194 139 109
161 69 139 109
197 198 59 57
152 57 59 57
67 117 59 57
135 150 139 133
186 117 139 133
81 193 139 133
175 190 14 99
110 165 14 99
32 19 14 99
2 143 14 99
69 21 14 171
47 104 14 171
164 140 14 171
103 157 14 122
168 187 14 122
48 110 14 122
12 149 14 122
160 79 14 187
174 13 14 187
9 65 14 187
197 100 99 127
179 78 99 127
143 108 99 127
171 99 99 127
174 103 99 168
167 116 99 168
13 188 99 168
47 39 127 168
110 198 127 168
77 84 127 168
198 165 127 156
193 124 127 156
63 178 127 156
178 182 127 83
188 3 127 83
90 165 127 83
191 24 15 93
173 125 15 93
79 181 15 93
176 98 15 10
177 154 15 10
68 85 15 10
90 187 15 10
104 87 15 96
128 135 15 96
132 168 15 96
29 100 15 96
57 6 15 133
99 127 15 133
144 193 15 133
155 162 57 6
168 190 57 6
172 3 57 6
128 135 15 132
197 13 15 132
191 24 15 132
62 174 15 132
184 57 93 196
171 178 93 196
149 163 93 196
124 161 93 185
111 170 93 185
168 187 124 161
166 73 124 161
187 183 124 161
98 141 93 96
57 154 93 96
189 61 98 141
110 156 98 141
34 189 98 141
112 155 98 141
46 107 93 123
44 45 93 123
77 84 93 123
174 168 16 119
110 156 16 119
54 142 16 119
188 194 16 1
49 67 16 1
117 171 16 1
90 187 16 1
151 91 16 104
195 104 16 104
65 173 16 104
28 58 119 188
171 99 119 188
157 65 28 58
173 125 28 58
195 9 28 58
79 181 28 58
34 197 119 196
172 3 119 196
45 103 34 197
47 104 34 197
158 15 34 197
7 134 34 197
44 45 119 101
86 199 119 101
181 130 119 101
17 97 119 101
182 79 119 173
172 121 119 173
129 120 119 173
163 165 17 97
199 130 17 97
73 149 17 97
171 77 17 32
153 84 17 32
94 19 17 32
195 104 97 173
189 198 97 173
182 162 97 173
82 37 97 178
135 164 97 178
96 169 97 178
135 179 97 178
67 156 97 165
191 148 97 165
138 17 97 165
174 103 67 156
182 162 67 156
36 71 67 156
169 73 67 156
87 82 18 92
86 183 18 92
78 148 18 92
52 181 18 96
135 164 18 96
157 65 18 96
186 50 52 181
175 190 52 181
191 163 52 181
51 151 18 76
90 165 18 76
179 78 18 76
130 98 51 151
87 179 51 151
64 68 51 151
24 75 51 151
179 46 130 98
182 79 130 98
69 21 130 98
199 184 130 98
123 83 130 98
61 73 92 187
66 144 92 187
85 118 92 187
110 198 61 73
174 103 61 73
123 81 61 73
123 83 61 73
151 91 92 197
169 70 92 197
8 126 92 197
147 178 92 197
110 156 92 30
168 190 92 30
111 170 92 30
86 158 92 30
186 146 19 123
48 110 19 123
194 183 19 123
183 29 19 123
163 165 19 117
187 152 19 117
144 158 19 117
98 199 19 117
184 57 19 163
103 69 19 163
110 165 19 163
68 151 19 163
80 142 83 163
181 170 83 163
85 62 83 163
183 74 80 142
156 157 80 142
133 143 80 142
114 169 80 142
84 193 83 1
73 161 83 1
135 177 83 1
182 43 84 193
89 142 84 193
194 103 84 193
118 161 84 193
86 127 123 83
183 128 123 83
194 40 123 83
38 113 123 83
100 177 123 178
1 50 123 178
47 126 100 177
156 157 100 177
98 23 100 177
28 42 123 81
177 154 123 81
181 130 28 42
181 188 28 42
42 55 28 42
88 129 28 42
88 166 123 157
134 105 123 157
49 75 123 157
168 187 88 166
191 67 88 166
147 178 88 166
54 175 20 140
33 177 20 140
122 72 20 140
157 65 63 112
135 150 63 112
103 106 63 112
177 154 63 112
150 21 63 112
63 112 54 175
172 3 54 175
128 135 54 175
170 49 20 72
87 82 20 72
198 165 20 72
31 73 20 94
50 51 20 94
110 198 31 73
181 170 31 73
86 151 31 73
11 107 31 73
186 118 95 193
135 177 95 193
169 70 95 193
101 173 95 193
32 19 95 63
126 133 95 63
23 39 95 63
89 183 32 19
186 146 32 19
194 69 32 19
5 193 32 19
46 107 140 95
199 184 140 95
118 161 140 95
118 111 140 95
128 182 140 95
128 176 140 95
128 68 140 95
45 102 140 95
69 7 140 95
103 69 140 95
103 106 140 95
46 89 140 95
89 95 140 95
89 142 140 95
81 170 140 95
87 179 140 95
104 164 140 95
48 110 140 95
48 174 140 95
110 157 140 95
86 152 140 95
86 183 140 95
86 184 140 95
86 158 140 95
86 167 140 95
86 199 140 95
86 186 140 95
135 164 140 95
135 179 140 95
135 177 140 95
135 197 140 95
153 84 140 95
154 175 140 95
155 190 140 95
159 170 140 95
160 65 140 95
161 69 140 95
162 8 140 95
165 10 140 95
165 116 140 95
165 188 140 95
167 166 140 95
167 143 140 95
168 78 140 95
169 73 140 95
170 167 140 95
172 3 140 95
174 13 140 95
174 0 140 95
175 172 140 95
177 154 140 95
179 46 140 95
179 94 140 95
180 167 140 95
181 188 140 95
183 116 140 95
183 29 140 95
184 195 140 95
186 117 140 95
187 152 140 95
188 152 140 95
188 3 140 95
189 89 140 95
190 46 140 95
191 148 140 95
191 163 140 95
192 110 140 95
193 124 140 95
194 40 140 95
194 149 140 95
194 183 140 95
196 47 140 95
196 125 140 95
196 61 140 95
197 22 140 95
197 13 140 95
198 141 140 95
199 110 140 95
3 70 140 95
86 171 43 164
197 9 43 164
55 115 118 188
199 34 118 188
32 113 118 161
113 6 118 161
44 128 118 111
13 188 44 128
58 164 44 128
75 59 44 45
135 177 44 45
11 182 44 96
56 108 44 96
149 163 128 182
145 30 128 182
185 50 128 176
166 0 128 135
40 158 128 135
30 11 128 68
74 114 45 103
113 6 45 103
185 50 45 102
111 160 69 192
37 64 69 21
32 19 69 21
24 75 69 7
28 42 103 69
188 3 103 157
192 110 103 157
9 91 103 106
86 152 46 89
1 136 46 83
34 189 89 143
17 32 89 143
116 155 89 183
114 169 89 95
175 190 89 142
62 71 89 142
125 182 143 170
92 197 143 170
167 143 143 108
84 51 47 104
186 117 47 104
23 39 47 126
37 58 47 126
114 173 47 39
2 22 47 39
100 148 81 193
186 146 81 193
87 179 81 170
28 42 81 170
135 176 81 82
158 15 81 82
79 132 82 37
18 96 82 37
81 82 87 82
101 171 87 82
144 158 87 154
69 21 87 154
117 124 87 160
146 90 87 55
50 151 87 55
124 161 87 179
49 75 87 179
52 151 104 87
48 110 104 164
183 116 104 164
133 112 104 14
137 148 48 110
61 133 48 174
197 13 48 174
113 6 48 141
1 72 48 141
129 120 110 165
140 77 110 157
14 187 110 156
140 186 110 198
96 160 49 135
51 115 49 75
11 107 49 75
59 44 49 67
156 157 86 151
125 182 86 151
36 152 86 152
63 153 86 183
97 165 86 184
135 176 86 185
29 100 86 185
130 117 86 157
191 65 86 158
91 115 86 167
98 199 86 167
142 154 86 171
197 27 86 171
157 0 86 199
86 199 86 186
1 136 86 186
116 144 86 127
97 173 86 127
123 83 135 86
70 50 135 86
150 50 135 164
13 18 135 164
140 77 135 179
135 86 135 176
2 22 135 177
101 173 135 177
41 88 135 189
22 28 135 189
51 153 135 197
150 21 135 197
191 97 135 150
17 97 135 24
112 67 150 21
29 100 150 50
5 193 150 50
84 51 151 91
138 17 151 91
187 183 152 57
130 32 152 57
39 61 153 84
135 179 153 84
78 178 154 175
59 178 155 162
129 120 155 190
146 90 155 190
48 174 156 157
86 183 157 0
113 6 157 0
144 148 157 65
109 192 157 65
110 156 158 15
189 89 158 5
111 62 159 194
64 35 159 170
52 146 159 170
145 198 160 65
16 1 160 79
66 80 160 79
41 28 161 69
181 170 161 69
38 149 162 8
175 190 163 165
126 133 163 72
114 182 164 140
158 15 164 140
109 192 165 55
96 160 165 55
137 180 165 10
11 182 165 116
131 191 165 188
163 72 166 133
98 199 166 133
108 192 166 0
105 3 166 73
27 74 167 166
40 99 167 166
48 110 167 143
35 77 167 116
101 162 167 116
41 88 168 45
129 120 168 45
188 50 168 187
142 195 168 187
140 77 168 190
29 100 168 190
109 192 168 78
115 19 168 78
62 174 169 73
123 178 169 142
134 105 169 142
153 84 169 70
75 181 169 70
50 51 170 167
135 176 170 167
127 83 170 49
134 105 170 32
0 11 170 32
55 115 171 99
100 177 171 99
87 160 171 99
154 175 171 178
46 107 171 178
138 17 171 178
137 159 171 77
143 108 171 77
22 52 171 77
47 39 171 77
5 193 172 121
33 125 172 121
137 180 172 121
143 108 172 121
45 102 172 3
135 179 173 125
6 125 173 125
131 191 174 103
129 93 174 13
27 74 174 13
49 135 174 13
138 156 174 13
162 8 174 168
125 76 174 168
98 141 174 168
194 103 174 0
134 172 174 0
33 125 174 0
182 43 175 190
167 166 175 190
98 66 175 190
142 195 175 190
7 134 175 172
22 187 175 172
137 159 176 98
167 166 176 98
49 135 177 154
138 17 177 154
86 183 177 154
15 132 178 182
130 98 178 182
3 196 178 182
44 128 179 46
58 45 179 46
145 186 179 94
64 6 179 1
36 152 179 1
194 149 179 1
191 65 179 78
76 39 180 167
4 39 180 167
38 149 181 130
191 148 181 188
194 69 181 188
152 57 181 188
113 6 181 188
133 112 181 170
131 191 181 170
15 96 181 170
122 163 182 43
30 94 182 162
23 63 182 162
111 62 182 162
73 45 182 162
139 109 182 79
197 15 182 79
123 178 183 116
127 156 183 116
71 50 183 116
80 142 183 116
108 141 183 128
9 91 183 29
149 54 183 29
4 39 183 74
68 151 183 74
60 29 183 74
49 67 184 57
198 141 184 57
38 149 184 57
135 179 184 57
170 32 184 195
144 193 184 195
126 133 185 50
90 187 186 117
22 28 186 118
131 78 186 118
98 23 186 118
195 9 186 146
0 8 186 50
79 132 186 50
132 125 186 50
46 107 186 50
86 199 187 152
89 95 187 152
16 1 187 152
54 142 187 183
178 182 187 145
16 119 187 145
5 193 188 152
117 124 188 152
110 157 188 152
116 144 188 194
168 78 188 194
138 194 188 3
11 182 188 3
9 107 188 3
188 152 188 50
111 190 189 61
0 144 189 61
112 155 189 61
46 83 189 61
47 126 189 198
31 73 189 198
85 62 189 89
47 39 190 46
193 124 190 46
143 108 190 46
0 11 191 65
14 99 191 65
111 62 191 148
106 198 191 148
68 152 191 148
111 63 191 97
93 123 191 24
146 91 191 67
65 178 191 67
168 45 191 67
0 6 191 67
145 30 191 67
86 183 191 163
100 175 191 163
161 69 191 163
67 117 191 163
14 187 191 163
53 162 192 110
116 144 192 110
97 173 192 110
180 167 193 124
122 162 193 124
163 165 193 124
24 112 194 103
36 152 194 103
170 167 194 103
163 72 194 69
4 39 194 69
79 181 194 69
135 176 194 69
193 124 194 40
147 178 194 149
114 169 194 149
169 70 194 176
25 32 194 183
89 183 194 183
93 96 194 183
11 107 194 183
63 153 195 9
79 181 195 9
45 103 195 9
86 183 195 9
91 25 195 9
3 140 195 9
116 180 195 104
9 91 195 104
188 152 195 179
116 155 195 179
89 95 195 179
87 82 195 179
105 180 195 179
111 190 196 115
72 39 196 115
147 167 196 115
134 172 196 115
52 151 196 115
112 67 196 47
30 94 196 47
71 190 196 125
64 68 196 125
61 133 196 125
22 28 196 125
89 183 196 61
63 153 196 61
103 157 196 61
88 129 197 9
81 82 197 9
86 184 197 22
94 164 197 22
135 189 197 22
37 58 197 22
115 122 197 22
111 14 197 100
133 151 197 100
167 166 197 100
199 130 197 100
88 193 197 13
44 128 197 13
22 187 197 13
84 51 197 15
164 140 197 15
101 173 197 15
14 171 197 198
16 1 197 27
197 15 197 27
165 10 198 165