50
200
398
0 37 39
0 38 52
0 48 99
0 49 34
0 31 16
1 45 13
1 32 27
1 25 3
1 6 8
1 13 73
1 38 47
1 43 17
2 27 78
2 39 43
2 1 47
3 27 66
3 35 16
3 36 26
4 49 9
4 48 3
4 25 23
4 0 62
4 35 82
5 38 1
5 30 74
5 48 92
5 33 44
5 20 42
6 41 2
6 43 73
6 28 11
6 46 15
6 18 30
6 17 62
6 32 38
7 25 84
7 33 16
7 40 34
8 48 36
8 28 88
8 9 63
9 25 98
9 45 54
9 17 95
9 0 26
9 29 5
10 25 27
10 26 17
10 15 93
10 1 8
10 45 55
10 4 53
11 35 7
11 41 9
11 2 80
11 44 58
11 16 96
11 30 64
12 40 78
12 36 88
12 32 84
13 45 40
13 46 21
13 42 30
13 26 36
13 27 18
13 43 89
14 25 7
14 48 11
14 9 83
14 6 21
14 15 27
15 25 7
15 45 73
15 48 70
15 19 88
15 29 93
16 44 12
16 32 58
16 15 35
16 22 2
17 35 5
17 46 8
17 42 28
17 14 27
18 42 3
18 28 91
18 3 5
18 17 96
18 35 28
18 34 43
19 26 38
19 25 57
19 5 85
19 12 82
20 35 66
20 26 45
20 30 14
20 15 35
21 48 8
21 45 22
21 9 88
21 41 59
22 30 52
22 47 68
22 45 72
22 40 17
22 12 60
22 28 17
23 45 13
23 44 31
23 12 10
23 16 29
23 31 9
24 42 85
24 29 44
24 31 32
24 34 32
24 30 10
24 32 14
24 37 84
24 10 53
25 45 69
26 30 14
27 14 31
28 14 32
28 5 86
29 45 66
29 37 81
29 5 76
29 34 20
30 25 45
30 31 53
31 12 97
31 16 97
31 32 75
31 7 70
32 43 49
32 11 72
32 17 99
33 18 84
33 8 36
34 10 75
34 2 10
35 38 64
35 10 80
35 5 89
35 27 45
36 1 80
37 31 6
37 27 41
37 22 33
37 45 66
38 26 70
38 42 80
38 21 74
38 16 68
39 0 89
40 21 32
41 28 55
42 1 96
42 10 33
42 9 77
43 8 44
43 39 56
43 47 9
43 22 92
43 27 17
43 19 37
43 11 18
44 17 6
44 1 94
44 4 28
44 40 69
44 28 29
44 14 13
44 36 26
44 24 85
45 19 17
45 4 68
46 11 16
46 37 15
46 4 94
46 32 59
46 42 85
47 16 17
47 38 93
47 48 34
47 1 10
47 6 84
47 18 96
47 11 99
47 33 10
48 42 89
49 6 98
49 3 93
49 23 0
49 9 14
49 45 75
49 20 81
0 37 17 35
0 37 24 31
17 35 30 25
17 35 42 1
17 35 34 10
17 35 35 38
0 38 20 26
20 26 46 37
20 26 27 14
20 26 37 45
20 26 46 42
0 48 24 32
24 32 32 43
24 32 28 5
24 32 46 4
24 32 43 39
0 49 19 26
19 26 47 33
19 26 48 42
19 26 42 1
19 26 28 5
0 31 23 12
20 30 36 1
20 30 46 42
20 30 30 25
20 30 29 45
23 12 28 14
23 12 20 30
23 12 44 28
23 12 44 17
23 12 47 33
1 45 23 45
23 45 31 7
23 45 47 1
23 45 37 27
23 45 34 10
1 32 24 34
24 34 35 5
24 34 49 6
24 34 42 10
24 34 37 22
1 25 18 17
18 17 43 19
18 17 38 21
18 17 30 31
18 17 47 38
1 6 24 42
24 42 43 11
24 42 31 16
24 42 46 11
24 42 38 21
1 13 22 30
17 46 44 1
17 46 46 37
17 46 46 11
17 46 42 9
17 46 49 6
17 46 49 45
17 46 43 47
22 30 17 46
22 30 27 14
1 38 18 3
18 3 37 31
18 3 44 4
18 3 44 40
18 3 29 5
1 43 22 40
22 40 36 1
22 40 44 4
22 40 49 23
22 40 41 28
2 27 24 30
24 31 49 3
24 31 31 7
24 31 45 19
24 30 24 31
24 30 47 16
24 30 30 25
24 30 42 1
24 30 44 40
24 30 46 42
2 39 21 9
21 9 46 4
21 9 43 19
21 9 37 31
21 9 24 10
2 1 18 42
18 42 46 37
18 42 43 11
18 42 26 30
18 42 44 4
3 27 17 14
17 14 37 31
17 14 42 1
17 14 29 5
17 14 24 37
3 35 20 35
20 35 43 11
20 35 41 28
20 35 30 31
20 35 49 6
3 36 18 34
18 34 44 24
18 34 37 45
18 34 33 8
18 34 42 1
4 49 21 48
21 48 28 5
21 48 48 42
21 48 35 38
21 48 46 37
4 48 19 25
19 25 40 21
19 25 32 11
19 25 47 6
19 25 43 22
4 25 24 29
23 16 43 8
23 16 47 38
23 16 24 37
23 16 24 10
23 16 42 9
24 29 23 16
24 29 30 31
24 29 45 4
24 29 41 28
4 0 18 35
18 35 19 5
18 35 44 14
18 35 44 28
18 35 38 42
19 5 46 11
19 5 45 4
19 5 47 6
19 5 29 37
19 5 26 30
4 35 18 28
18 28 43 11
18 28 35 27
18 28 42 9
18 28 44 4
5 38 21 41
21 41 31 12
21 41 44 1
21 41 49 9
21 41 44 24
5 30 30 25
5 30 43 8
5 48 49 9
5 48 38 21
5 33 49 23
5 33 29 45
5 20 32 17
5 20 29 37
6 41 37 45
6 41 29 37
6 43 37 45
6 43 45 4
6 28 38 16
6 28 45 4
6 46 45 19
6 46 31 32
6 18 35 5
6 18 37 31
6 17 27 14
6 17 49 20
6 32 47 11
6 32 29 34
7 25 49 9
7 25 38 42
7 33 37 22
7 33 41 28
7 40 23 44
23 44 49 9
23 44 40 21
23 44 31 7
23 44 34 10
8 48 28 14
8 48 24 37
8 28 29 34
8 28 41 28
8 9 21 45
21 45 47 6
21 45 34 10
21 45 32 11
21 45 48 42
9 25 47 38
9 25 34 10
9 45 44 24
9 45 49 9
9 17 16 22
16 22 19 12
16 22 46 11
16 22 42 1
16 22 35 38
19 12 41 28
19 12 35 27
19 12 38 26
19 12 31 7
19 12 46 42
9 0 22 47
22 47 47 33
22 47 43 47
22 47 47 48
22 47 43 39
9 29 40 21
9 29 38 42
10 25 33 8
10 25 47 18
10 26 46 42
10 26 31 7
10 15 26 30
10 15 44 1
10 1 39 0
10 1 44 24
10 45 32 17
10 45 40 21
10 4 24 10
10 4 30 31
11 35 22 28
22 28 43 22
22 28 31 32
22 28 45 19
22 28 49 9
11 41 47 11
11 41 33 8
11 2 42 1
11 2 47 6
11 44 38 21
11 44 31 16
11 16 47 38
11 16 43 22
11 30 45 4
11 30 47 11
12 40 35 5
12 40 37 45
12 36 43 27
12 36 31 7
12 32 44 28
12 32 47 48
13 45 43 19
13 45 44 28
13 46 44 40
13 46 43 22
13 42 47 11
13 42 49 20
13 26 47 48
13 26 49 23
13 27 32 11
13 27 44 1
13 43 31 32
13 43 43 27
14 25 22 45
22 45 35 38
22 45 43 47
22 45 38 26
22 45 38 16
14 48 42 10
14 48 24 10
14 9 43 47
14 9 37 31
14 6 39 0
14 6 48 42
14 15 44 14
14 15 43 11
15 25 22 12
22 12 28 5
22 12 42 9
22 12 34 10
22 12 45 4
15 45 47 16
15 45 42 1
15 48 23 31
20 15 43 19
20 15 37 45
20 15 33 8
20 15 35 10
23 31 32 17
23 31 49 45
23 31 20 15
23 31 38 42
23 31 44 14
15 19 44 24
15 19 43 8
15 29 17 42
17 42 46 37
17 42 34 2
17 42 44 24
17 42 29 45
16 44 47 18
16 44 47 1
16 32 36 1
16 32 49 9
16 15 44 40
16 15 36 1
16 15 24 37
16 15 25 45
16 15 29 45
16 15 29 37
16 15 29 5
16 15 30 31
16 15 31 16
16 15 33 18
16 15 34 10
16 15 34 2
16 15 35 10
16 15 37 27
16 15 38 26
16 15 38 42
16 15 41 28
16 15 42 9
16 15 43 39
16 15 44 17
16 15 44 1
16 15 44 4
16 15 44 36
16 15 46 11
16 15 46 32
16 15 47 1
16 15 48 42
16 15 49 6
16 15 49 45
16 15 49 20
42 10 44 28
42 9 8 9
43 8 43 27
43 39 11 2
43 39 38 21
43 47 13 46
43 22 43 19
43 27 31 16
43 27 49 20
43 19 0 49
43 11 12 32
44 17 0 31
44 17 21 9
44 4 42 9
44 4 44 17
44 40 47 48
44 40 1 38
44 28 25 45
44 28 6 43
44 14 14 48
44 36 32 43
44 24 44 40
44 24 17 46
45 19 0 37
45 19 21 9
45 4 44 36
46 11 11 41
46 37 40 21
46 37 43 8
46 4 3 27
46 32 34 10
46 42 49 3
47 16 38 42
47 16 37 45
47 16 13 45
47 16 31 32
47 38 35 5
47 48 7 25
47 48 6 18
47 1 35 10
47 1 49 45
47 1 2 27
47 6 37 27
47 6 0 49
47 6 43 19
47 6 29 34
47 18 11 30
47 18 20 15
47 11 19 25
47 11 49 45
47 11 37 27
47 33 46 4
48 42 4 48
49 6 23 31
49 6 49 20
49 3 0 48
49 3 4 25
49 23 23 31
49 23 39 0
49 23 20 15
49 23 9 0
49 23 42 9
49 9 12 32
49 9 47 6
49 9 15 45
49 45 13 27
49 45 15 29
49 45 49 20
49 45 14 48
49 45 19 26
49 45 44 1
49 45 49 6
49 20 43 8
49 20 5 20
49 20 22 30
17 35 0 37
24 31 0 37
30 25 17 35
42 1 17 35
34 10 17 35
35 38 17 35
20 26 0 38
46 37 20 26
27 14 20 26
37 45 20 26
46 42 20 26
24 32 0 48
32 43 24 32
28 5 24 32
46 4 24 32
43 39 24 32
19 26 0 49
47 33 19 26
48 42 19 26
42 1 19 26
28 5 19 26
23 12 0 31
36 1 20 30
46 42 20 30
30 25 20 30
29 45 20 30
28 14 23 12
20 30 23 12
44 28 23 12
44 17 23 12
47 33 23 12
23 45 1 45
31 7 23 45
47 1 23 45
37 27 23 45
34 10 23 45
24 34 1 32
35 5 24 34
49 6 24 34
42 10 24 34
37 22 24 34
18 17 1 25
43 19 18 17
38 21 18 17
30 31 18 17
47 38 18 17
24 42 1 6
43 11 24 42
31 16 24 42
46 11 24 42
38 21 24 42
22 30 1 13
44 1 17 46
46 37 17 46
46 11 17 46
42 9 17 46
49 6 17 46
49 45 17 46
43 47 17 46
17 46 22 30
27 14 22 30
18 3 1 38
37 31 18 3
44 4 18 3
44 40 18 3
29 5 18 3
22 40 1 43
36 1 22 40
44 4 22 40
49 23 22 40
41 28 22 40
24 30 2 27
49 3 24 31
31 7 24 31
45 19 24 31
24 31 24 30
47 16 24 30
30 25 24 30
42 1 24 30
44 40 24 30
46 42 24 30
21 9 2 39
46 4 21 9
43 19 21 9
37 31 21 9
24 10 21 9
18 42 2 1
46 37 18 42
43 11 18 42
26 30 18 42
44 4 18 42
17 14 3 27
37 31 17 14
42 1 17 14
29 5 17 14
24 37 17 14
20 35 3 35
43 11 20 35
41 28 20 35
30 31 20 35
49 6 20 35
18 34 3 36
44 24 18 34
37 45 18 34
33 8 18 34
42 1 18 34
21 48 4 49
28 5 21 48
48 42 21 48
35 38 21 48
46 37 21 48
19 25 4 48
40 21 19 25
32 11 19 25
47 6 19 25
43 22 19 25
24 29 4 25
43 8 23 16
47 38 23 16
24 37 23 16
24 10 23 16
42 9 23 16
23 16 24 29
30 31 24 29
45 4 24 29
41 28 24 29
18 35 4 0
19 5 18 35
44 14 18 35
44 28 18 35
38 42 18 35
46 11 19 5
45 4 19 5
47 6 19 5
29 37 19 5
26 30 19 5
18 28 4 35
43 11 18 28
35 27 18 28
42 9 18 28
44 4 18 28
21 41 5 38
31 12 21 41
44 1 21 41
49 9 21 41
44 24 21 41
30 25 5 30
43 8 5 30
49 9 5 48
38 21 5 48
49 23 5 33
29 45 5 33
32 17 5 20
29 37 5 20
37 45 6 41
29 37 6 41
37 45 6 43
45 4 6 43
38 16 6 28
45 4 6 28
45 19 6 46
31 32 6 46
35 5 6 18
37 31 6 18
27 14 6 17
49 20 6 17
47 11 6 32
29 34 6 32
49 9 7 25
38 42 7 25
37 22 7 33
41 28 7 33
23 44 7 40
49 9 23 44
40 21 23 44
31 7 23 44
34 10 23 44
28 14 8 48
24 37 8 48
29 34 8 28
41 28 8 28
21 45 8 9
47 6 21 45
34 10 21 45
32 11 21 45
48 42 21 45
47 38 9 25
34 10 9 25
44 24 9 45
49 9 9 45
16 22 9 17
19 12 16 22
46 11 16 22
42 1 16 22
35 38 16 22
41 28 19 12
35 27 19 12
38 26 19 12
31 7 19 12
46 42 19 12
22 47 9 0
47 33 22 47
43 47 22 47
47 48 22 47
43 39 22 47
40 21 9 29
38 42 9 29
33 8 10 25
47 18 10 25
46 42 10 26
31 7 10 26
26 30 10 15
44 1 10 15
39 0 10 1
44 24 10 1
32 17 10 45
40 21 10 45
24 10 10 4
30 31 10 4
22 28 11 35
43 22 22 28
31 32 22 28
45 19 22 28
49 9 22 28
47 11 11 41
33 8 11 41
42 1 11 2
47 6 11 2
38 21 11 44
31 16 11 44
47 38 11 16
43 22 11 16
45 4 11 30
47 11 11 30
35 5 12 40
37 45 12 40
43 27 12 36
31 7 12 36
44 28 12 32
47 48 12 32
43 19 13 45
44 28 13 45
44 40 13 46
43 22 13 46
47 11 13 42
49 20 13 42
47 48 13 26
49 23 13 26
32 11 13 27
44 1 13 27
31 32 13 43
43 27 13 43
22 45 14 25
35 38 22 45
43 47 22 45
38 26 22 45
38 16 22 45
42 10 14 48
24 10 14 48
43 47 14 9
37 31 14 9
39 0 14 6
48 42 14 6
44 14 14 15
43 11 14 15
22 12 15 25
28 5 22 12
42 9 22 12
34 10 22 12
45 4 22 12
47 16 15 45
42 1 15 45
23 31 15 48
43 19 20 15
37 45 20 15
33 8 20 15
35 10 20 15
32 17 23 31
49 45 23 31
20 15 23 31
38 42 23 31
44 14 23 31
44 24 15 19
43 8 15 19
17 42 15 29
46 37 17 42
34 2 17 42
44 24 17 42
29 45 17 42
47 18 16 44
47 1 16 44
36 1 16 32
49 9 16 32
44 40 16 15
36 1 16 15
24 37 16 15
25 45 16 15
29 45 16 15
29 37 16 15
29 5 16 15
30 31 16 15
31 16 16 15
33 18 16 15
34 10 16 15
34 2 16 15
35 10 16 15
37 27 16 15
38 26 16 15
38 42 16 15
41 28 16 15
42 9 16 15
43 39 16 15
44 17 16 15
44 1 16 15
44 4 16 15
44 36 16 15
46 11 16 15
46 32 16 15
47 1 16 15
48 42 16 15
49 6 16 15
49 45 16 15
49 20 16 15
44 28 42 10
8 9 42 9
43 27 43 8
11 2 43 39
38 21 43 39
13 46 43 47
43 19 43 22
31 16 43 27
49 20 43 27
0 49 43 19
12 32 43 11
0 31 44 17
21 9 44 17
42 9 44 4
44 17 44 4
47 48 44 40
1 38 44 40
25 45 44 28
6 43 44 28
14 48 44 14
32 43 44 36
44 40 44 24
17 46 44 24
0 37 45 19
21 9 45 19
44 36 45 4
11 41 46 11
40 21 46 37
43 8 46 37
3 27 46 4
34 10 46 32
49 3 46 42
38 42 47 16
37 45 47 16
13 45 47 16
31 32 47 16
35 5 47 38
7 25 47 48
6 18 47 48
35 10 47 1
49 45 47 1
2 27 47 1
37 27 47 6
0 49 47 6
43 19 47 6
29 34 47 6
11 30 47 18
20 15 47 18
19 25 47 11
49 45 47 11
37 27 47 11
46 4 47 33
4 48 48 42
23 31 49 6
49 20 49 6
0 48 49 3
4 25 49 3
23 31 49 23
39 0 49 23
20 15 49 23
9 0 49 23
42 9 49 23
12 32 49 9
47 6 49 9
15 45 49 9
13 27 49 45
15 29 49 45
49 20 49 45
14 48 49 45
19 26 49 45
44 1 49 45
49 6 49 45
43 8 49 20
5 20 49 20
22 30 49 20