50
200
199
0 37 39
0 38 52
0 48 99
0 49 34
0 31 16
1 45 13
1 32 27
1 25 3
1 6 8
1 13 73
1 38 47
1 43 17
2 27 78
2 39 43
2 1 47
3 27 66
3 35 16
3 36 26
4 49 9
4 48 3
4 25 23
4 0 62
4 35 82
5 38 1
5 30 74
5 48 92
5 33 44
5 20 42
6 41 2
6 43 73
6 28 11
6 46 15
6 18 30
6 17 62
6 32 38
7 25 84
7 33 16
7 40 34
8 48 36
8 28 88
8 9 63
9 25 98
9 45 54
9 17 95
9 0 26
9 29 5
10 25 27
10 26 17
10 15 93
10 1 8
10 45 55
10 4 53
11 35 7
11 41 9
11 2 80
11 44 58
11 16 96
11 30 64
12 40 78
12 36 88
12 32 84
13 45 40
13 46 21
13 42 30
13 26 36
13 27 18
13 43 89
14 25 7
14 48 11
14 9 83
14 6 21
14 15 27
15 25 7
15 45 73
15 48 70
15 19 88
15 29 93
16 44 12
16 32 58
16 15 35
16 22 2
17 35 5
17 46 8
17 42 28
17 14 27
18 42 3
18 28 91
18 3 5
18 17 96
18 35 28
18 34 43
19 26 38
19 25 57
19 5 85
19 12 82
20 35 66
20 26 45
20 30 14
20 15 35
21 48 8
21 45 22
21 9 88
21 41 59
22 30 52
22 47 68
22 45 72
22 40 17
22 12 60
22 28 17
23 45 13
23 44 31
23 12 10
23 16 29
23 31 9
24 42 85
24 29 44
24 31 32
24 34 32
24 30 10
24 32 14
24 37 84
24 10 53
25 45 69
26 30 14
27 14 31
28 14 32
28 5 86
29 45 66
29 37 81
29 5 76
29 34 20
30 25 45
30 31 53
31 12 97
31 16 97
31 32 75
31 7 70
32 43 49
32 11 72
32 17 99
33 18 84
33 8 36
34 10 75
34 2 10
35 38 64
35 10 80
35 5 89
35 27 45
36 1 80
37 31 6
37 27 41
37 22 33
37 45 66
38 26 70
38 42 80
38 21 74
38 16 68
39 0 89
40 21 32
41 28 55
42 1 96
42 10 33
42 9 77
43 8 44
43 39 56
43 47 9
43 22 92
43 27 17
43 19 37
43 11 18
44 17 6
44 1 94
44 4 28
44 40 69
44 28 29
44 14 13
44 36 26
44 24 85
45 19 17
45 4 68
46 11 16
46 37 15
46 4 94
46 32 59
46 42 85
47 16 17
47 38 93
47 48 34
47 1 10
47 6 84
47 18 96
47 11 99
47 33 10
48 42 89
49 6 98
49 3 93
49 23 0
49 9 14
49 45 75
49 20 81
0 37 44 24
0 37 33 8
0 38 34 10
0 38 37 27
0 48 28 14
0 48 49 3
0 49 22 12
0 49 44 1
0 31 29 5
0 31 36 1
1 45 48 42
1 45 38 42
1 32 30 31
1 32 43 47
1 25 49 9
1 25 42 10
1 6 35 38
1 6 32 17
1 13 47 11
1 13 22 40
1 38 25 45
1 38 37 45
1 43 45 4
1 43 42 9
2 27 47 38
2 27 33 8
2 39 22 45
2 39 36 1
2 1 23 16
2 1 29 37
3 27 49 9
3 27 43 8
3 35 44 40
3 35 29 45
3 36 31 16
3 36 49 3
4 49 43 11
4 49 44 1
4 48 24 10
4 48 23 12
4 25 49 23
4 25 28 14
4 0 43 11
4 0 26 30
4 35 47 33
4 35 28 5
5 38 23 16
5 38 31 12
5 30 23 16
5 30 43 11
5 48 38 21
5 48 24 10
5 33 45 4
5 33 44 1
5 20 45 19
5 20 24 30
6 41 29 5
6 41 49 45
6 43 42 1
6 43 44 28
6 28 43 47
6 28 32 11
6 46 47 48
6 46 29 5
6 18 32 17
6 18 29 45
6 17 49 20
6 17 23 31
6 32 43 19
6 32 48 42
7 25 32 11
7 25 38 26
7 33 39 0
7 33 23 45
7 40 23 31
7 40 47 18
8 48 47 33
8 48 47 38
8 28 36 1
8 28 49 6
8 9 27 14
8 9 21 45
9 25 21 41
9 25 46 32
9 45 24 32
9 45 42 9
9 17 45 4
9 17 38 42
9 0 44 1
9 0 48 42
9 29 22 30
9 29 25 45
10 25 43 8
10 25 29 5
10 26 47 1
10 26 47 16
10 15 37 22
10 15 32 11
10 1 38 26
10 1 49 23
10 45 49 6
10 45 44 28
10 4 49 20
10 4 42 10
11 35 45 4
11 35 33 18
11 41 22 12
11 41 34 2
11 2 22 45
11 2 43 11
11 44 21 41
11 44 33 18
11 16 38 21
11 16 29 37
11 30 43 8
11 30 42 1
12 40 44 1
12 40 33 18
12 36 29 37
12 36 40 21
12 32 48 42
12 32 47 11
13 45 30 31
13 45 25 45
13 46 29 5
13 46 46 11
13 42 31 12
13 42 46 4
13 26 42 1
13 26 37 27
13 27 43 27
13 27 49 23
13 43 44 24
13 43 21 9
14 25 22 30
14 25 35 38
14 48 49 6
14 48 23 12
14 9 21 41
14 9 43 39
14 6 49 20
14 6 39 0
14 15 46 42
14 15 32 43
15 25 44 40
15 25 23 44
15 45 31 16
15 45 31 32
15 48 31 12
15 48 25 45
15 19 22 30
15 19 34 2
15 29 21 9
15 29 44 28
16 44 47 33
16 44 34 10
16 32 38 16
16 32 40 21
16 15 49 20
16 15 24 29
16 22 46 42
16 22 46 4
17 35 24 31
17 35 46 42
17 46 47 48
17 46 36 1
17 42 25 45
17 42 24 29
17 14 44 14
17 14 21 41
18 42 37 22
18 42 28 14
18 28 31 7
18 28 49 23
18 3 44 17
18 3 43 22
18 17 23 31
18 17 29 34
18 35 34 10
18 35 47 6
18 34 38 21
18 34 33 8
19 26 44 4
19 26 43 47
19 25 24 31
19 25 42 9
19 5 24 31
19 5 24 37
19 12 35 27
19 12 40 21
20 35 24 37
20 35 24 30
20 26 34 10
20 26 44 40
20 30 44 36
20 30 44 14
20 15 23 12
20 15 28 5
21 48 46 37
44 24 0 37
33 8 0 37
34 10 0 38
37 27 0 38
28 14 0 48
49 3 0 48
22 12 0 49
44 1 0 49
29 5 0 31
36 1 0 31
48 42 1 45
38 42 1 45
30 31 1 32
43 47 1 32
49 9 1 25
42 10 1 25
35 38 1 6
32 17 1 6
47 11 1 13
22 40 1 13
25 45 1 38
37 45 1 38
45 4 1 43
42 9 1 43
47 38 2 27
33 8 2 27
22 45 2 39
36 1 2 39
23 16 2 1
29 37 2 1
49 9 3 27
43 8 3 27
44 40 3 35
29 45 3 35
31 16 3 36
49 3 3 36
43 11 4 49
44 1 4 49
24 10 4 48
23 12 4 48
49 23 4 25
28 14 4 25
43 11 4 0
26 30 4 0
47 33 4 35
28 5 4 35
23 16 5 38
31 12 5 38
23 16 5 30
43 11 5 30
38 21 5 48
24 10 5 48
45 4 5 33
44 1 5 33
45 19 5 20
24 30 5 20
29 5 6 41
49 45 6 41
42 1 6 43
44 28 6 43
43 47 6 28
32 11 6 28
47 48 6 46
29 5 6 46
32 17 6 18
29 45 6 18
49 20 6 17
23 31 6 17
43 19 6 32
48 42 6 32
32 11 7 25
38 26 7 25
39 0 7 33
23 45 7 33
23 31 7 40
47 18 7 40
47 33 8 48
47 38 8 48
36 1 8 28
49 6 8 28
27 14 8 9
21 45 8 9
21 41 9 25
46 32 9 25
24 32 9 45
42 9 9 45
45 4 9 17
38 42 9 17
44 1 9 0
48 42 9 0
22 30 9 29
25 45 9 29
43 8 10 25
29 5 10 25
47 1 10 26
47 16 10 26
37 22 10 15
32 11 10 15
38 26 10 1
49 23 10 1
49 6 10 45
44 28 10 45
49 20 10 4
42 10 10 4
45 4 11 35
33 18 11 35
22 12 11 41
34 2 11 41
22 45 11 2
43 11 11 2
21 41 11 44
33 18 11 44
38 21 11 16
29 37 11 16
43 8 11 30
42 1 11 30
44 1 12 40
33 18 12 40
29 37 12 36
40 21 12 36
48 42 12 32
47 11 12 32
30 31 13 45
25 45 13 45
29 5 13 46
46 11 13 46
31 12 13 42
46 4 13 42
42 1 13 26
37 27 13 26
43 27 13 27
49 23 13 27
44 24 13 43
21 9 13 43
22 30 14 25
35 38 14 25
49 6 14 48
23 12 14 48
21 41 14 9
43 39 14 9
49 20 14 6
39 0 14 6
46 42 14 15
32 43 14 15
44 40 15 25
23 44 15 25
31 16 15 45
31 32 15 45
31 12 15 48
25 45 15 48
22 30 15 19
34 2 15 19
21 9 15 29
44 28 15 29
47 33 16 44
34 10 16 44
38 16 16 32
40 21 16 32
49 20 16 15
24 29 16 15
46 42 16 22
46 4 16 22
24 31 17 35
46 42 17 35
47 48 17 46
36 1 17 46
25 45 17 42
24 29 17 42
44 14 17 14
21 41 17 14
37 22 18 42
28 14 18 42
31 7 18 28
49 23 18 28
44 17 18 3
43 22 18 3
23 31 18 17
29 34 18 17
34 10 18 35
47 6 18 35
38 21 18 34
33 8 18 34
44 4 19 26
43 47 19 26
24 31 19 25
42 9 19 25
24 31 19 5
24 37 19 5
35 27 19 12
40 21 19 12
24 37 20 35
24 30 20 35
34 10 20 26
44 40 20 26
44 36 20 30
44 14 20 30
23 12 20 15
28 5 20 15
46 37 21 48