50
200
597
0 37 39
0 38 52
0 48 99
0 49 34
0 31 16
1 45 13
1 32 27
1 25 3
1 6 8
1 13 73
1 38 47
1 43 17
2 27 78
2 39 43
2 1 47
3 27 66
3 35 16
3 36 26
4 49 9
4 48 3
4 25 23
4 0 62
4 35 82
5 38 1
5 30 74
5 48 92
5 33 44
5 20 42
6 41 2
6 43 73
6 28 11
6 46 15
6 18 30
6 17 62
6 32 38
7 25 84
7 33 16
7 40 34
8 48 36
8 28 88
8 9 63
9 25 98
9 45 54
9 17 95
9 0 26
9 29 5
10 25 27
10 26 17
10 15 93
10 1 8
10 45 55
10 4 53
11 35 7
11 41 9
11 2 80
11 44 58
11 16 96
11 30 64
12 40 78
12 36 88
12 32 84
13 45 40
13 46 21
13 42 30
13 26 36
13 27 18
13 43 89
14 25 7
14 48 11
14 9 83
14 6 21
14 15 27
15 25 7
15 45 73
15 48 70
15 19 88
15 29 93
16 44 12
16 32 58
16 15 35
16 22 2
17 35 5
17 46 8
17 42 28
17 14 27
18 42 3
18 28 91
18 3 5
18 17 96
18 35 28
18 34 43
19 26 38
19 25 57
19 5 85
19 12 82
20 35 66
20 26 45
20 30 14
20 15 35
21 48 8
21 45 22
21 9 88
21 41 59
22 30 52
22 47 68
22 45 72
22 40 17
22 12 60
22 28 17
23 45 13
23 44 31
23 12 10
23 16 29
23 31 9
24 42 85
24 29 44
24 31 32
24 34 32
24 30 10
24 32 14
24 37 84
24 10 53
25 45 69
26 30 14
27 14 31
28 14 32
28 5 86
29 45 66
29 37 81
29 5 76
29 34 20
30 25 45
30 31 53
31 12 97
31 16 97
31 32 75
31 7 70
32 43 49
32 11 72
32 17 99
33 18 84
33 8 36
34 10 75
34 2 10
35 38 64
35 10 80
35 5 89
35 27 45
36 1 80
37 31 6
37 27 41
37 22 33
37 45 66
38 26 70
38 42 80
38 21 74
38 16 68
39 0 89
40 21 32
41 28 55
42 1 96
42 10 33
42 9 77
43 8 44
43 39 56
43 47 9
43 22 92
43 27 17
43 19 37
43 11 18
44 17 6
44 1 94
44 4 28
44 40 69
44 28 29
44 14 13
44 36 26
44 24 85
45 19 17
45 4 68
46 11 16
46 37 15
46 4 94
46 32 59
46 42 85
47 16 17
47 38 93
47 48 34
47 1 10
47 6 84
47 18 96
47 11 99
47 33 10
48 42 89
49 6 98
49 3 93
49 23 0
49 9 14
49 45 75
49 20 81
0 37 17 35
0 37 24 31
0 37 10 15
0 37 23 44
17 35 30 25
17 35 42 1
17 35 34 10
17 35 35 38
17 35 43 8
17 35 1 43
17 35 3 27
0 38 20 26
0 38 47 38
0 38 3 27
20 26 41 28
20 26 49 20
20 26 43 22
20 26 38 16
20 26 25 45
20 26 15 25
20 26 1 6
20 26 16 32
0 48 24 32
0 48 43 22
0 48 10 4
0 48 13 43
0 48 43 47
24 32 31 7
24 32 47 16
24 32 30 31
24 32 47 1
24 32 47 33
24 32 34 10
0 49 19 26
0 49 3 36
0 49 14 6
0 49 12 40
19 26 26 30
19 26 49 6
19 26 29 37
19 26 45 19
19 26 15 25
19 26 12 36
0 31 23 12
0 31 44 1
0 31 43 11
20 30 49 9
20 30 30 25
20 30 46 42
20 30 45 4
20 30 28 5
20 30 46 32
20 30 34 10
23 12 20 30
23 12 38 26
23 12 43 47
23 12 35 38
23 12 2 1
23 12 35 10
1 45 23 45
1 45 1 13
23 45 45 19
23 45 46 11
23 45 43 19
23 45 40 21
23 45 20 30
1 32 24 34
1 32 49 6
24 34 28 5
24 34 43 47
24 34 34 2
24 34 42 9
24 34 21 9
1 25 18 17
1 25 13 26
18 17 40 21
18 17 43 39
18 17 49 45
18 17 46 32
18 17 23 12
1 6 24 42
1 6 38 21
1 6 0 49
24 42 33 18
24 42 43 47
24 42 49 23
24 42 24 10
24 42 22 30
1 13 22 30
1 13 17 42
17 46 35 27
17 46 33 18
17 46 45 19
17 46 35 5
17 46 26 30
17 46 34 2
17 46 14 15
22 30 17 46
22 30 47 33
22 30 24 37
22 30 29 37
22 30 33 8
1 38 18 3
1 38 8 48
18 3 44 36
18 3 46 11
18 3 29 34
18 3 37 22
18 3 29 5
18 3 3 27
1 43 22 40
1 43 19 5
1 43 38 16
22 40 37 31
22 40 42 1
22 40 29 5
22 40 24 37
22 40 0 48
22 40 41 28
2 27 24 30
2 27 18 28
24 31 34 2
24 31 44 24
24 31 46 11
24 31 47 48
24 31 35 10
24 31 12 32
24 30 24 31
24 30 43 27
24 30 43 39
24 30 43 22
24 30 16 22
24 30 49 9
2 39 21 9
2 39 28 14
21 9 44 28
21 9 42 10
21 9 47 1
21 9 28 14
21 9 22 28
2 1 18 42
2 1 0 37
18 42 38 42
18 42 44 1
18 42 35 10
18 42 32 17
18 42 37 45
3 27 17 14
3 27 45 4
3 27 12 40
17 14 49 9
17 14 35 27
17 14 32 17
17 14 47 1
17 14 1 6
17 14 33 8
3 35 20 35
3 35 49 6
20 35 43 22
20 35 24 37
20 35 44 28
20 35 37 31
20 35 42 10
3 36 18 34
3 36 34 2
3 36 10 45
18 34 37 31
18 34 36 1
18 34 29 37
18 34 47 18
18 34 47 11
18 34 2 1
4 49 21 48
4 49 6 28
4 49 22 45
21 48 33 8
21 48 44 28
21 48 43 8
21 48 49 20
21 48 18 42
4 48 19 25
4 48 40 21
4 48 19 5
19 25 48 42
19 25 34 2
19 25 45 19
19 25 43 8
19 25 0 49
4 25 24 29
4 25 12 32
23 16 41 28
23 16 33 8
23 16 29 34
23 16 1 43
23 16 9 17
24 29 23 16
24 29 43 27
24 29 47 6
24 29 48 42
24 29 38 16
24 29 31 12
24 29 32 43
24 29 18 3
4 0 18 35
4 0 24 31
4 0 31 16
18 35 19 5
18 35 49 23
18 35 37 22
18 35 49 9
18 35 29 37
18 35 2 39
19 5 28 5
19 5 49 20
19 5 42 10
19 5 44 14
19 5 47 48
4 35 18 28
4 35 44 24
4 35 17 42
18 28 29 45
18 28 34 10
18 28 29 37
18 28 37 22
18 28 23 12
18 28 13 45
5 38 21 41
5 38 44 40
21 41 47 1
21 41 34 10
21 41 47 33
21 41 41 28
21 41 10 15
21 41 30 25
5 30 46 32
5 30 34 2
5 30 37 31
5 30 43 22
5 48 30 31
5 48 29 45
5 48 19 5
5 33 37 45
5 33 46 11
5 33 22 12
5 20 31 32
5 20 37 45
5 20 44 28
5 20 44 1
6 41 48 42
6 41 42 9
6 41 8 9
6 43 44 40
6 43 48 42
6 43 36 1
6 28 32 11
6 28 49 45
6 28 30 25
6 28 45 19
6 46 43 39
6 46 31 32
6 46 49 3
6 46 19 5
6 18 28 5
6 18 45 19
6 18 13 45
6 18 35 10
6 17 29 37
6 17 44 1
6 17 30 31
6 17 12 32
6 32 35 27
6 32 43 22
6 32 7 33
7 25 44 17
7 25 34 10
7 25 4 35
7 25 42 9
7 33 39 0
7 33 34 10
7 33 3 27
7 33 22 28
7 40 23 44
7 40 29 34
23 44 30 25
23 44 49 45
23 44 38 21
23 44 32 17
23 44 37 31
8 48 30 31
8 48 35 5
8 48 47 16
8 28 30 31
8 28 28 14
8 28 37 27
8 9 21 45
8 9 7 40
8 9 0 31
21 45 49 20
21 45 28 5
21 45 31 7
21 45 43 22
21 45 47 11
9 25 44 14
9 25 44 24
9 25 16 15
9 25 38 42
9 45 34 10
9 45 48 42
9 45 21 48
9 17 16 22
9 17 46 11
16 22 19 12
16 22 41 28
16 22 28 14
16 22 29 34
16 22 44 36
16 22 1 25
19 12 37 45
19 12 38 42
19 12 30 25
19 12 31 16
19 12 9 45
19 12 21 48
9 0 22 47
9 0 24 29
22 47 47 6
22 47 48 42
22 47 44 24
22 47 44 40
22 47 4 0
22 47 23 12
9 29 24 37
9 29 46 11
9 29 10 45
9 29 18 17
10 25 47 16
10 25 24 10
10 25 10 26
10 25 1 38
10 26 43 19
10 26 47 6
10 26 31 7
10 15 31 32
10 15 47 33
10 15 20 15
10 1 34 10
10 1 31 32
10 1 46 42
10 45 47 16
10 45 44 24
10 45 47 6
10 45 40 21
10 4 42 1
10 4 44 4
10 4 43 27
10 4 9 17
11 35 22 28
11 35 3 35
22 28 47 38
22 28 34 2
22 28 32 43
22 28 47 11
22 28 3 35
22 28 0 48
11 41 37 31
11 41 32 43
11 41 14 48
11 2 49 3
11 2 46 42
11 2 10 26
11 2 43 22
11 44 30 31
11 44 28 14
11 44 9 25
11 16 43 27
11 16 24 10
11 16 32 11
11 30 33 18
11 30 45 4
11 30 43 47
12 40 45 4
12 40 32 11
12 40 22 47
12 36 49 9
12 36 46 4
12 36 5 33
12 36 15 48
12 32 29 34
12 32 24 37
12 32 28 14
13 45 29 45
13 45 47 38
13 45 10 1
13 45 7 25
13 46 37 31
13 46 35 38
13 46 6 28
13 46 37 22
13 42 47 33
13 42 26 30
13 42 11 30
13 26 43 11
13 26 24 37
13 26 14 48
13 27 44 36
13 27 29 34
13 27 46 42
13 27 30 31
13 43 46 42
13 43 46 37
13 43 13 26
14 25 22 45
14 25 10 25
22 45 42 10
22 45 33 18
22 45 34 2
22 45 33 8
22 45 13 42
22 45 1 13
14 48 43 11
14 48 45 4
14 48 19 12
14 9 31 16
14 9 43 8
14 9 19 5
14 9 13 45
14 6 49 45
14 6 26 30
14 6 4 35
14 15 38 21
14 15 47 38
14 15 9 45
14 15 12 36
15 25 22 12
15 25 4 35
15 25 49 6
22 12 49 45
22 12 47 33
22 12 46 32
22 12 46 37
15 45 38 16
15 45 49 6
15 48 23 31
20 15 36 1
20 15 31 16
20 15 43 19
20 15 28 5
23 31 45 19
23 31 20 15
23 31 25 45
23 31 37 22
23 31 35 10
15 19 49 45
15 19 45 4
15 29 17 42
17 42 37 45
17 42 29 5
17 42 35 27
17 42 39 0
16 44 42 10
16 44 32 11
16 32 30 31
16 32 32 17
16 15 46 37
16 15 30 31
16 15 24 10
16 15 25 45
16 15 27 14
16 15 28 14
16 15 29 5
16 15 31 12
16 15 32 43
16 15 32 17
16 15 35 38
16 15 35 10
16 15 35 5
16 15 37 27
16 15 37 22
16 15 38 26
16 15 42 9
16 15 43 8
16 15 43 47
16 15 44 1
16 15 44 4
16 15 44 24
16 15 46 11
16 15 46 4
16 15 47 48
16 15 47 18
16 15 47 11
16 15 49 6
16 15 49 23
31 7 47 18
32 43 2 39
32 11 24 10
32 17 37 27
33 18 10 45
33 18 4 35
33 8 32 43
34 10 8 48
34 10 1 45
34 2 14 15
35 38 4 25
35 38 1 43
35 10 21 41
35 10 6 32
35 5 49 23
35 27 47 33
35 27 6 18
36 1 41 28
37 31 47 11
37 27 6 18
37 27 24 32
37 22 44 40
37 22 4 0
37 45 43 22
37 45 15 48
38 26 11 35
38 26 1 43
38 42 22 45
38 42 47 16
38 21 8 9
38 21 19 5
38 16 11 41
38 16 1 6
39 0 1 45
39 0 16 22
40 21 43 47
41 28 16 15
42 1 5 38
42 1 3 35
42 10 15 45
42 9 4 49
43 8 12 36
43 39 16 15
43 47 10 25
43 47 17 42
43 22 5 48
43 27 15 48
43 19 44 17
43 19 23 31
43 11 44 14
44 17 31 12
44 1 24 30
44 1 10 26
44 4 5 48
44 4 1 13
44 40 45 19
44 28 22 12
44 14 10 25
44 14 11 35
44 36 26 30
44 24 41 28
45 19 43 19
45 4 20 15
46 11 4 0
46 11 22 30
46 37 21 45
46 37 8 48
46 37 18 28
46 4 8 9
46 4 23 45
46 4 0 48
46 32 23 31
46 32 31 12
46 32 23 45
46 32 49 45
46 42 27 14
46 42 6 32
46 42 9 45
47 16 0 48
47 16 43 19
47 16 21 48
47 38 23 31
47 38 11 35
47 38 26 30
47 38 35 38
47 48 32 43
47 48 0 49
47 1 29 5
47 1 6 43
47 1 11 41
47 6 47 38
47 6 5 38
47 6 31 16
47 18 40 21
47 18 20 15
47 11 5 48
47 11 38 16
47 11 47 18
47 11 47 1
47 33 29 34
48 42 14 15
48 42 43 8
49 6 10 1
49 3 21 9
49 3 33 8
17 35 0 37
24 31 0 37
10 15 0 37
23 44 0 37
30 25 17 35
42 1 17 35
34 10 17 35
35 38 17 35
43 8 17 35
1 43 17 35
3 27 17 35
20 26 0 38
47 38 0 38
3 27 0 38
41 28 20 26
49 20 20 26
43 22 20 26
38 16 20 26
25 45 20 26
15 25 20 26
1 6 20 26
16 32 20 26
24 32 0 48
43 22 0 48
10 4 0 48
13 43 0 48
43 47 0 48
31 7 24 32
47 16 24 32
30 31 24 32
47 1 24 32
47 33 24 32
34 10 24 32
19 26 0 49
3 36 0 49
14 6 0 49
12 40 0 49
26 30 19 26
49 6 19 26
29 37 19 26
45 19 19 26
15 25 19 26
12 36 19 26
23 12 0 31
44 1 0 31
43 11 0 31
49 9 20 30
30 25 20 30
46 42 20 30
45 4 20 30
28 5 20 30
46 32 20 30
34 10 20 30
20 30 23 12
38 26 23 12
43 47 23 12
35 38 23 12
2 1 23 12
35 10 23 12
23 45 1 45
1 13 1 45
45 19 23 45
46 11 23 45
43 19 23 45
40 21 23 45
20 30 23 45
24 34 1 32
49 6 1 32
28 5 24 34
43 47 24 34
34 2 24 34
42 9 24 34
21 9 24 34
18 17 1 25
13 26 1 25
40 21 18 17
43 39 18 17
49 45 18 17
46 32 18 17
23 12 18 17
24 42 1 6
38 21 1 6
0 49 1 6
33 18 24 42
43 47 24 42
49 23 24 42
24 10 24 42
22 30 24 42
22 30 1 13
17 42 1 13
35 27 17 46
33 18 17 46
45 19 17 46
35 5 17 46
26 30 17 46
34 2 17 46
14 15 17 46
17 46 22 30
47 33 22 30
24 37 22 30
29 37 22 30
33 8 22 30
18 3 1 38
8 48 1 38
44 36 18 3
46 11 18 3
29 34 18 3
37 22 18 3
29 5 18 3
3 27 18 3
22 40 1 43
19 5 1 43
38 16 1 43
37 31 22 40
42 1 22 40
29 5 22 40
24 37 22 40
0 48 22 40
41 28 22 40
24 30 2 27
18 28 2 27
34 2 24 31
44 24 24 31
46 11 24 31
47 48 24 31
35 10 24 31
12 32 24 31
24 31 24 30
43 27 24 30
43 39 24 30
43 22 24 30
16 22 24 30
49 9 24 30
21 9 2 39
28 14 2 39
44 28 21 9
42 10 21 9
47 1 21 9
28 14 21 9
22 28 21 9
18 42 2 1
0 37 2 1
38 42 18 42
44 1 18 42
35 10 18 42
32 17 18 42
37 45 18 42
17 14 3 27
45 4 3 27
12 40 3 27
49 9 17 14
35 27 17 14
32 17 17 14
47 1 17 14
1 6 17 14
33 8 17 14
20 35 3 35
49 6 3 35
43 22 20 35
24 37 20 35
44 28 20 35
37 31 20 35
42 10 20 35
18 34 3 36
34 2 3 36
10 45 3 36
37 31 18 34
36 1 18 34
29 37 18 34
47 18 18 34
47 11 18 34
2 1 18 34
21 48 4 49
6 28 4 49
22 45 4 49
33 8 21 48
44 28 21 48
43 8 21 48
49 20 21 48
18 42 21 48
19 25 4 48
40 21 4 48
19 5 4 48
48 42 19 25
34 2 19 25
45 19 19 25
43 8 19 25
0 49 19 25
24 29 4 25
12 32 4 25
41 28 23 16
33 8 23 16
29 34 23 16
1 43 23 16
9 17 23 16
23 16 24 29
43 27 24 29
47 6 24 29
48 42 24 29
38 16 24 29
31 12 24 29
32 43 24 29
18 3 24 29
18 35 4 0
24 31 4 0
31 16 4 0
19 5 18 35
49 23 18 35
37 22 18 35
49 9 18 35
29 37 18 35
2 39 18 35
28 5 19 5
49 20 19 5
42 10 19 5
44 14 19 5
47 48 19 5
18 28 4 35
44 24 4 35
17 42 4 35
29 45 18 28
34 10 18 28
29 37 18 28
37 22 18 28
23 12 18 28
13 45 18 28
21 41 5 38
44 40 5 38
47 1 21 41
34 10 21 41
47 33 21 41
41 28 21 41
10 15 21 41
30 25 21 41
46 32 5 30
34 2 5 30
37 31 5 30
43 22 5 30
30 31 5 48
29 45 5 48
19 5 5 48
37 45 5 33
46 11 5 33
22 12 5 33
31 32 5 20
37 45 5 20
44 28 5 20
44 1 5 20
48 42 6 41
42 9 6 41
8 9 6 41
44 40 6 43
48 42 6 43
36 1 6 43
32 11 6 28
49 45 6 28
30 25 6 28
45 19 6 28
43 39 6 46
31 32 6 46
49 3 6 46
19 5 6 46
28 5 6 18
45 19 6 18
13 45 6 18
35 10 6 18
29 37 6 17
44 1 6 17
30 31 6 17
12 32 6 17
35 27 6 32
43 22 6 32
7 33 6 32
44 17 7 25
34 10 7 25
4 35 7 25
42 9 7 25
39 0 7 33
34 10 7 33
3 27 7 33
22 28 7 33
23 44 7 40
29 34 7 40
30 25 23 44
49 45 23 44
38 21 23 44
32 17 23 44
37 31 23 44
30 31 8 48
35 5 8 48
47 16 8 48
30 31 8 28
28 14 8 28
37 27 8 28
21 45 8 9
7 40 8 9
0 31 8 9
49 20 21 45
28 5 21 45
31 7 21 45
43 22 21 45
47 11 21 45
44 14 9 25
44 24 9 25
16 15 9 25
38 42 9 25
34 10 9 45
48 42 9 45
21 48 9 45
16 22 9 17
46 11 9 17
19 12 16 22
41 28 16 22
28 14 16 22
29 34 16 22
44 36 16 22
1 25 16 22
37 45 19 12
38 42 19 12
30 25 19 12
31 16 19 12
9 45 19 12
21 48 19 12
22 47 9 0
24 29 9 0
47 6 22 47
48 42 22 47
44 24 22 47
44 40 22 47
4 0 22 47
23 12 22 47
24 37 9 29
46 11 9 29
10 45 9 29
18 17 9 29
47 16 10 25
24 10 10 25
10 26 10 25
1 38 10 25
43 19 10 26
47 6 10 26
31 7 10 26
31 32 10 15
47 33 10 15
20 15 10 15
34 10 10 1
31 32 10 1
46 42 10 1
47 16 10 45
44 24 10 45
47 6 10 45
40 21 10 45
42 1 10 4
44 4 10 4
43 27 10 4
9 17 10 4
22 28 11 35
3 35 11 35
47 38 22 28
34 2 22 28
32 43 22 28
47 11 22 28
3 35 22 28
0 48 22 28
37 31 11 41
32 43 11 41
14 48 11 41
49 3 11 2
46 42 11 2
10 26 11 2
43 22 11 2
30 31 11 44
28 14 11 44
9 25 11 44
43 27 11 16
24 10 11 16
32 11 11 16
33 18 11 30
45 4 11 30
43 47 11 30
45 4 12 40
32 11 12 40
22 47 12 40
49 9 12 36
46 4 12 36
5 33 12 36
15 48 12 36
29 34 12 32
24 37 12 32
28 14 12 32
29 45 13 45
47 38 13 45
10 1 13 45
7 25 13 45
37 31 13 46
35 38 13 46
6 28 13 46
37 22 13 46
47 33 13 42
26 30 13 42
11 30 13 42
43 11 13 26
24 37 13 26
14 48 13 26
44 36 13 27
29 34 13 27
46 42 13 27
30 31 13 27
46 42 13 43
46 37 13 43
13 26 13 43
22 45 14 25
10 25 14 25
42 10 22 45
33 18 22 45
34 2 22 45
33 8 22 45
13 42 22 45
1 13 22 45
43 11 14 48
45 4 14 48
19 12 14 48
31 16 14 9
43 8 14 9
19 5 14 9
13 45 14 9
49 45 14 6
26 30 14 6
4 35 14 6
38 21 14 15
47 38 14 15
9 45 14 15
12 36 14 15
22 12 15 25
4 35 15 25
49 6 15 25
49 45 22 12
47 33 22 12
46 32 22 12
46 37 22 12
38 16 15 45
49 6 15 45
23 31 15 48
36 1 20 15
31 16 20 15
43 19 20 15
28 5 20 15
45 19 23 31
20 15 23 31
25 45 23 31
37 22 23 31
35 10 23 31
49 45 15 19
45 4 15 19
17 42 15 29
37 45 17 42
29 5 17 42
35 27 17 42
39 0 17 42
42 10 16 44
32 11 16 44
30 31 16 32
32 17 16 32
46 37 16 15
30 31 16 15
24 10 16 15
25 45 16 15
27 14 16 15
28 14 16 15
29 5 16 15
31 12 16 15
32 43 16 15
32 17 16 15
35 38 16 15
35 10 16 15
35 5 16 15
37 27 16 15
37 22 16 15
38 26 16 15
42 9 16 15
43 8 16 15
43 47 16 15
44 1 16 15
44 4 16 15
44 24 16 15
46 11 16 15
46 4 16 15
47 48 16 15
47 18 16 15
47 11 16 15
49 6 16 15
49 23 16 15
47 18 31 7
2 39 32 43
24 10 32 11
37 27 32 17
10 45 33 18
4 35 33 18
32 43 33 8
8 48 34 10
1 45 34 10
14 15 34 2
4 25 35 38
1 43 35 38
21 41 35 10
6 32 35 10
49 23 35 5
47 33 35 27
6 18 35 27
41 28 36 1
47 11 37 31
6 18 37 27
24 32 37 27
44 40 37 22
4 0 37 22
43 22 37 45
15 48 37 45
11 35 38 26
1 43 38 26
22 45 38 42
47 16 38 42
8 9 38 21
19 5 38 21
11 41 38 16
1 6 38 16
1 45 39 0
16 22 39 0
43 47 40 21
16 15 41 28
5 38 42 1
3 35 42 1
15 45 42 10
4 49 42 9
12 36 43 8
16 15 43 39
10 25 43 47
17 42 43 47
5 48 43 22
15 48 43 27
44 17 43 19
23 31 43 19
44 14 43 11
31 12 44 17
24 30 44 1
10 26 44 1
5 48 44 4
1 13 44 4
45 19 44 40
22 12 44 28
10 25 44 14
11 35 44 14
26 30 44 36
41 28 44 24
43 19 45 19
20 15 45 4
4 0 46 11
22 30 46 11
21 45 46 37
8 48 46 37
18 28 46 37
8 9 46 4
23 45 46 4
0 48 46 4
23 31 46 32
31 12 46 32
23 45 46 32
49 45 46 32
27 14 46 42
6 32 46 42
9 45 46 42
0 48 47 16
43 19 47 16
21 48 47 16
23 31 47 38
11 35 47 38
26 30 47 38
35 38 47 38
32 43 47 48
0 49 47 48
29 5 47 1
6 43 47 1
11 41 47 1
47 38 47 6
5 38 47 6
31 16 47 6
40 21 47 18
20 15 47 18
5 48 47 11
38 16 47 11
47 18 47 11
47 1 47 11
29 34 47 33
14 15 48 42
43 8 48 42
10 1 49 6
21 9 49 3
33 8 49 3