50
200
995
0 37 39
0 38 52
0 48 99
0 49 34
0 31 16
1 45 13
1 32 27
1 25 3
1 6 8
1 13 73
1 38 47
1 43 17
2 27 78
2 39 43
2 1 47
3 27 66
3 35 16
3 36 26
4 49 9
4 48 3
4 25 23
4 0 62
4 35 82
5 38 1
5 30 74
5 48 92
5 33 44
5 20 42
6 41 2
6 43 73
6 28 11
6 46 15
6 18 30
6 17 62
6 32 38
7 25 84
7 33 16
7 40 34
8 48 36
8 28 88
8 9 63
9 25 98
9 45 54
9 17 95
9 0 26
9 29 5
10 25 27
10 26 17
10 15 93
10 1 8
10 45 55
10 4 53
11 35 7
11 41 9
11 2 80
11 44 58
11 16 96
11 30 64
12 40 78
12 36 88
12 32 84
13 45 40
13 46 21
13 42 30
13 26 36
13 27 18
13 43 89
14 25 7
14 48 11
14 9 83
14 6 21
14 15 27
15 25 7
15 45 73
15 48 70
15 19 88
15 29 93
16 44 12
16 32 58
16 15 35
16 22 2
17 35 5
17 46 8
17 42 28
17 14 27
18 42 3
18 28 91
18 3 5
18 17 96
18 35 28
18 34 43
19 26 38
19 25 57
19 5 85
19 12 82
20 35 66
20 26 45
20 30 14
20 15 35
21 48 8
21 45 22
21 9 88
21 41 59
22 30 52
22 47 68
22 45 72
22 40 17
22 12 60
22 28 17
23 45 13
23 44 31
23 12 10
23 16 29
23 31 9
24 42 85
24 29 44
24 31 32
24 34 32
24 30 10
24 32 14
24 37 84
24 10 53
25 45 69
26 30 14
27 14 31
28 14 32
28 5 86
29 45 66
29 37 81
29 5 76
29 34 20
30 25 45
30 31 53
31 12 97
31 16 97
31 32 75
31 7 70
32 43 49
32 11 72
32 17 99
33 18 84
33 8 36
34 10 75
34 2 10
35 38 64
35 10 80
35 5 89
35 27 45
36 1 80
37 31 6
37 27 41
37 22 33
37 45 66
38 26 70
38 42 80
38 21 74
38 16 68
39 0 89
40 21 32
41 28 55
42 1 96
42 10 33
42 9 77
43 8 44
43 39 56
43 47 9
43 22 92
43 27 17
43 19 37
43 11 18
44 17 6
44 1 94
44 4 28
44 40 69
44 28 29
44 14 13
44 36 26
44 24 85
45 19 17
45 4 68
46 11 16
46 37 15
46 4 94
46 32 59
46 42 85
47 16 17
47 38 93
47 48 34
47 1 10
47 6 84
47 18 96
47 11 99
47 33 10
48 42 89
49 6 98
49 3 93
49 23 0
49 9 14
49 45 75
49 20 81
18 42 45 4
18 42 44 14
18 42 32 11
18 42 38 42
18 42 6 17
18 42 44 28
18 42 12 36
18 42 9 29
18 42 15 29
18 42 29 34
18 42 34 2
0 48 20 35
0 48 29 5
0 48 5 20
0 48 7 40
0 48 16 32
0 48 31 32
0 48 38 42
0 48 43 39
20 35 44 28
20 35 49 3
20 35 29 37
20 35 42 1
20 35 21 45
20 35 13 26
20 35 42 10
0 49 24 32
0 49 37 22
0 49 23 16
0 49 9 29
0 49 13 46
0 49 6 18
0 49 1 25
0 49 18 3
0 49 34 10
24 32 49 6
24 32 43 19
24 32 47 48
24 32 35 10
24 32 44 40
24 32 24 34
24 32 9 25
0 31 23 44
0 31 17 14
0 31 22 40
0 31 11 44
0 31 21 9
0 31 24 32
0 31 30 25
23 44 47 33
23 44 47 16
23 44 47 11
23 44 47 38
23 44 31 7
23 44 4 25
23 44 14 15
23 44 19 12
23 44 5 48
23 44 10 1
1 45 22 45
1 45 43 8
1 45 22 12
1 45 45 19
1 45 8 28
22 45 43 39
22 45 49 20
22 45 42 10
22 45 47 16
22 45 1 25
22 45 2 27
1 32 17 14
1 32 27 14
17 14 35 27
17 14 30 25
17 14 35 5
17 14 38 42
17 14 16 15
1 25 20 26
1 25 5 48
1 25 36 1
1 25 33 18
1 25 23 45
1 25 11 44
1 25 6 32
1 25 37 27
1 25 24 34
19 26 47 18
19 26 49 20
19 26 44 14
19 26 44 4
19 26 24 37
19 26 43 22
19 26 12 32
19 26 4 48
19 26 18 42
19 26 35 38
19 26 24 32
19 26 7 33
19 26 0 48
19 26 4 0
20 26 19 26
20 26 49 6
20 26 30 31
20 26 2 27
20 26 29 34
20 26 43 11
20 26 1 45
20 26 21 41
1 6 17 42
1 6 14 6
1 6 44 4
1 6 12 32
1 6 22 47
1 6 46 4
1 6 0 37
1 6 20 26
1 6 38 42
17 42 44 36
17 42 28 5
17 42 43 11
17 42 46 32
17 42 11 16
17 42 46 42
1 13 21 41
1 13 4 0
1 13 34 10
1 13 35 38
1 13 1 38
1 13 13 45
21 41 29 34
21 41 31 12
21 41 29 5
21 41 42 9
21 41 38 16
21 41 19 25
21 41 24 42
1 38 24 34
1 38 23 44
24 34 44 17
24 34 37 45
24 34 34 2
24 34 31 7
24 34 4 48
1 43 22 28
1 43 17 35
1 43 11 35
1 43 17 42
22 28 42 10
22 28 44 17
22 28 32 43
22 28 46 4
22 28 38 21
22 28 16 44
22 28 20 15
2 27 23 16
2 27 43 47
2 27 15 19
2 27 25 45
2 27 24 31
18 17 44 14
18 17 27 14
18 17 46 11
18 17 35 27
18 17 13 45
18 17 15 29
18 17 49 6
18 17 6 41
18 17 29 45
18 17 45 19
23 16 18 17
23 16 29 5
23 16 41 28
23 16 34 10
23 16 44 1
23 16 19 26
2 39 18 28
2 39 35 27
2 39 24 37
2 39 10 15
18 28 47 6
18 28 37 45
18 28 37 27
18 28 28 14
18 28 38 21
18 28 35 38
18 28 44 17
18 28 24 34
18 28 14 15
18 28 21 45
2 1 22 47
2 1 38 42
22 47 35 27
22 47 38 16
22 47 49 20
22 47 35 5
22 47 41 28
22 47 15 25
22 47 31 7
22 47 25 45
3 27 16 22
3 27 44 40
3 27 15 48
3 27 49 20
16 22 31 32
16 22 49 45
16 22 42 1
16 22 49 9
16 22 43 8
16 22 47 1
16 22 6 18
3 35 24 29
3 35 13 46
3 35 22 12
3 35 23 31
3 35 18 42
3 35 15 19
24 29 37 31
24 29 29 5
24 29 46 42
24 29 32 11
24 29 13 26
24 29 45 4
24 29 26 30
24 29 43 39
3 36 22 40
3 36 44 40
3 36 10 4
3 36 8 9
3 36 2 27
3 36 45 19
3 36 13 27
22 40 35 38
22 40 38 21
22 40 44 24
22 40 46 4
22 40 32 17
4 49 21 9
4 49 21 48
4 49 11 16
4 49 44 36
4 49 33 18
21 9 45 19
21 9 46 32
21 9 47 48
21 9 31 16
21 9 18 35
21 9 6 18
21 9 27 14
21 9 37 27
21 9 33 8
4 48 23 31
4 48 43 39
4 48 46 37
4 48 9 29
23 31 47 16
23 31 44 40
23 31 47 11
23 31 46 11
23 31 31 16
23 31 2 1
23 31 44 17
4 25 18 35
4 25 6 41
4 25 20 26
4 25 18 34
4 25 11 35
18 35 43 19
18 35 45 4
18 35 46 11
18 35 37 22
18 35 6 43
18 35 1 32
18 35 1 25
4 0 18 3
4 0 6 28
4 0 49 20
4 0 8 9
4 0 20 30
18 3 43 19
18 3 28 14
18 3 44 36
18 3 44 4
18 3 43 47
18 3 23 31
4 35 19 12
4 35 40 21
4 35 8 28
4 35 46 32
19 12 20 15
19 12 49 6
19 12 35 38
19 12 45 4
19 12 35 27
19 12 24 32
19 12 49 3
19 12 10 15
19 12 10 4
20 15 29 45
20 15 37 22
20 15 38 16
20 15 43 8
20 15 34 10
20 15 42 9
20 15 5 20
20 15 11 30
20 15 45 4
20 15 11 35
5 38 24 42
5 38 8 9
5 38 18 28
5 38 21 48
5 38 37 45
5 38 18 17
24 42 47 38
24 42 29 37
24 42 46 32
24 42 38 21
24 42 18 3
24 42 43 19
24 42 35 38
24 42 7 33
24 42 31 12
24 42 45 19
5 30 29 5
5 30 37 45
5 30 17 35
5 48 46 37
5 48 41 28
5 48 18 35
5 48 1 43
5 48 9 17
5 48 10 15
5 48 44 17
5 33 47 16
5 33 43 47
5 33 6 46
5 33 43 11
5 33 20 15
5 33 9 0
5 33 11 44
5 20 32 11
5 20 46 42
5 20 14 6
5 20 10 25
6 41 37 31
6 41 35 10
6 41 21 45
6 41 17 35
6 43 17 46
6 43 46 11
6 43 25 45
6 43 32 43
6 43 17 14
6 43 31 16
17 46 34 2
17 46 29 5
17 46 49 6
17 46 37 31
17 46 1 32
6 28 43 39
6 28 43 22
6 28 7 33
6 28 22 28
6 28 10 25
6 28 45 4
6 28 31 7
6 28 46 37
6 46 39 0
6 46 46 42
6 46 9 25
6 46 10 1
6 46 37 27
6 18 19 25
6 18 22 28
6 18 47 38
6 18 35 38
6 18 35 10
6 18 17 35
6 18 0 37
19 25 32 11
19 25 26 30
19 25 49 23
19 25 30 31
19 25 32 43
19 25 47 6
19 25 5 48
19 25 0 48
19 25 0 31
6 17 31 32
6 17 31 16
6 17 45 4
6 17 21 9
6 17 37 45
6 17 29 5
6 17 0 48
6 17 47 18
6 32 44 17
6 32 33 18
6 32 5 33
6 32 6 41
6 32 11 35
6 32 43 11
6 32 3 27
7 25 33 8
7 25 41 28
7 25 20 26
7 25 23 44
7 25 15 48
7 33 39 0
7 33 24 10
7 33 35 27
7 40 44 17
7 40 35 27
7 40 3 36
7 40 2 39
8 48 22 30
8 48 46 11
22 30 24 31
22 30 43 11
22 30 47 11
22 30 47 1
22 30 44 40
22 30 4 49
22 30 43 27
22 30 14 6
22 30 17 35
24 31 46 11
24 31 47 38
24 31 31 12
24 31 31 7
24 31 0 38
24 31 2 1
24 31 20 15
24 31 9 0
24 31 15 29
24 31 1 13
8 28 29 34
8 28 43 11
8 28 6 46
8 28 48 42
8 9 24 30
8 9 9 29
8 9 13 45
8 9 2 39
8 9 12 40
8 9 24 32
24 30 40 21
24 30 36 1
24 30 33 8
24 30 33 18
24 30 4 25
24 30 8 28
24 30 23 31
24 30 17 14
24 30 7 40
9 25 38 42
9 25 47 38
9 25 6 17
9 25 18 17
9 25 24 37
9 25 44 40
9 25 22 40
9 25 40 21
9 45 39 0
9 45 35 10
9 45 3 36
9 45 20 15
9 45 5 48
9 17 30 31
9 17 46 42
9 17 17 46
9 17 47 48
9 17 6 43
9 17 15 45
9 0 25 45
9 0 47 38
9 0 46 11
9 29 47 11
9 29 47 1
9 29 2 1
9 29 49 20
9 29 32 43
10 25 19 5
10 25 34 2
10 25 15 45
10 25 3 36
10 25 13 45
10 25 1 32
19 5 27 14
19 5 43 11
19 5 45 4
19 5 28 14
19 5 21 41
19 5 30 25
19 5 24 42
19 5 15 48
10 26 25 45
10 26 44 1
10 26 24 31
10 15 34 10
10 15 46 4
10 15 4 35
10 15 22 30
10 15 25 45
10 15 44 14
10 1 47 48
10 1 37 27
10 1 12 36
10 1 36 1
10 1 11 2
10 45 23 45
10 45 1 25
10 45 17 42
10 45 47 33
10 45 44 28
23 45 49 9
23 45 32 17
23 45 29 34
23 45 49 20
23 45 44 28
23 45 28 5
23 45 46 37
10 4 43 47
10 4 41 28
10 4 35 10
10 4 31 32
10 4 43 22
10 4 15 29
11 35 17 35
11 35 7 33
17 35 47 18
17 35 46 4
17 35 34 2
17 35 41 28
17 35 43 22
17 35 16 15
17 35 15 29
17 35 30 25
17 35 9 17
17 35 20 26
11 41 44 28
11 41 46 4
11 41 12 36
11 41 15 19
11 41 36 1
11 41 0 37
11 41 8 9
11 41 9 25
11 2 41 28
11 2 44 28
11 2 16 15
11 2 18 17
11 2 15 19
11 44 43 22
11 44 46 32
11 44 8 28
11 44 30 25
11 44 33 18
11 44 43 8
11 44 28 5
11 44 14 9
11 16 44 28
11 16 26 30
11 16 3 35
11 16 14 9
11 16 15 45
11 16 15 25
11 30 48 42
11 30 46 42
11 30 44 36
11 30 5 33
11 30 11 44
11 30 37 22
12 40 32 11
12 40 47 48
12 40 11 16
12 40 18 34
12 40 32 43
12 36 46 42
12 36 45 19
12 36 49 3
12 36 47 1
12 36 44 40
12 36 18 28
12 36 46 4
12 36 23 45
12 32 27 14
12 32 28 14
12 32 13 45
13 45 21 48
13 45 37 27
13 45 15 25
13 45 26 30
13 45 19 5
21 48 37 31
21 48 46 32
21 48 46 42
21 48 28 5
21 48 19 26
21 48 35 27
21 48 21 41
21 48 0 49
21 48 41 28
21 48 47 33
13 46 44 14
13 46 29 34
13 46 1 6
13 42 43 19
13 42 43 22
13 42 11 16
13 42 9 45
13 42 42 10
13 26 24 37
13 26 31 12
13 26 9 25
13 26 11 41
13 26 23 31
13 27 22 12
13 27 16 15
13 27 43 8
22 12 46 42
22 12 44 1
22 12 34 2
22 12 43 11
22 12 47 18
22 12 24 30
22 12 14 15
22 12 47 33
13 43 32 43
13 43 43 19
13 43 22 30
14 25 40 21
14 25 47 16
14 25 43 11
14 48 20 30
14 48 21 9
14 48 21 45
14 48 43 27
14 48 23 31
14 48 47 6
14 48 13 43
20 30 43 22
20 30 49 3
20 30 35 27
20 30 43 11
20 30 18 28
20 30 35 5
14 9 28 5
14 9 35 38
14 9 2 1
14 9 24 30
14 9 21 41
14 9 17 42
14 9 4 48
14 6 21 45
14 6 44 1
14 6 15 29
14 6 24 31
14 6 9 29
21 45 42 1
21 45 38 21
21 45 47 48
21 45 43 19
21 45 42 10
21 45 24 10
21 45 24 42
14 15 42 1
14 15 29 5
14 15 10 25
14 15 44 14
15 25 44 28
15 25 47 11
15 25 48 42
15 25 46 11
15 45 38 21
15 45 48 42
15 45 21 9
15 48 18 34
15 48 17 35
15 48 27 14
18 34 29 34
18 34 49 6
18 34 33 8
18 34 46 4
18 34 17 35
18 34 31 7
18 34 44 28
15 19 43 39
15 19 35 27
15 19 20 26
15 19 29 34
15 19 5 48
15 29 49 45
15 29 44 1
15 29 44 36
15 29 43 19
15 29 6 18
16 44 38 42
16 44 30 25
16 44 13 27
16 32 26 30
16 32 44 4
16 32 0 49
16 32 30 25
16 32 8 28
16 15 47 33
16 15 44 24
16 15 24 10
16 15 28 14
16 15 29 45
16 15 29 37
16 15 30 25
16 15 31 12
16 15 31 16
16 15 31 7
16 15 32 17
16 15 33 18
16 15 35 10
16 15 35 5
16 15 36 1
16 15 37 27
16 15 37 45
16 15 38 26
16 15 38 16
16 15 42 9
16 15 43 8
16 15 43 27
16 15 43 11
16 15 44 1
16 15 44 4
16 15 44 40
16 15 45 4
16 15 46 4
16 15 46 32
16 15 47 1
16 15 49 3
16 15 49 23
16 15 12 40
24 37 11 41
24 37 49 9
24 37 3 36
24 10 40 21
24 10 43 11
24 10 10 25
24 10 47 18
25 45 44 40
26 30 1 6
26 30 38 16
26 30 13 46
27 14 21 48
28 14 16 22
28 14 46 11
28 14 27 14
28 5 48 42
29 45 4 25
29 45 44 1
29 45 22 40
29 37 22 47
29 5 43 11
29 5 9 0
29 34 49 9
29 34 22 40
30 25 5 33
30 25 34 10
30 25 31 32
30 31 22 30
30 31 0 38
30 31 21 9
30 31 4 49
31 12 28 14
31 12 13 46
31 12 9 25
31 16 22 30
31 16 18 35
31 32 6 18
31 32 49 20
31 32 1 25
31 32 33 18
31 7 10 15
31 7 46 4
31 7 47 38
31 7 1 32
32 43 31 16
32 11 23 44
32 11 37 45
32 11 43 22
32 17 38 42
32 17 2 27
32 17 44 14
33 18 35 38
33 8 5 38
34 10 20 30
34 10 17 46
34 10 38 26
34 10 5 33
34 2 39 0
34 2 17 14
34 2 49 3
34 2 37 45
34 2 44 36
34 2 0 38
35 38 9 29
35 38 7 33
35 38 9 17
35 38 21 9
35 38 32 17
35 38 30 25
35 10 43 19
35 5 11 30
35 5 5 20
35 5 44 14
35 5 8 48
35 27 47 1
35 27 30 31
35 27 13 26
36 1 8 48
36 1 2 39
36 1 13 42
36 1 44 40
36 1 23 12
37 31 11 2
37 31 47 38
37 31 45 19
37 27 7 40
37 27 49 6
37 27 11 2
37 27 22 40
37 27 19 25
37 27 46 37
37 22 37 45
37 22 6 32
37 22 10 15
37 22 48 42
37 22 21 41
37 45 18 34
38 26 21 41
38 42 30 31
38 42 7 25
38 42 11 30
38 42 21 45
38 21 18 17
38 21 46 42
38 21 44 40
38 16 42 9
38 16 40 21
39 0 22 47
39 0 44 17
39 0 31 32
40 21 23 44
40 21 6 46
40 21 46 11
40 21 0 49
40 21 22 30
41 28 18 28
41 28 0 49
41 28 9 25
41 28 14 6
41 28 1 32
42 1 6 32
42 1 18 3
42 1 35 27
42 10 43 47
42 10 49 3
42 9 13 43
42 9 5 20
42 9 15 25
43 8 10 4
43 8 42 9
43 8 49 3
43 39 21 9
43 39 46 11
43 39 3 35
43 39 11 16
43 39 12 32
43 47 11 44
43 47 7 33
43 47 22 30
43 22 3 27
43 27 24 34
43 27 36 1
43 27 20 35
43 27 8 48
43 27 11 2
43 19 0 38
43 19 37 45
43 19 30 25
43 19 26 30
43 11 23 45
44 17 26 30
44 1 24 31
44 1 43 11
44 1 1 45
44 1 20 26
44 1 30 25
44 4 23 44
44 4 49 9
44 4 31 32
44 4 9 29
44 40 6 41
44 40 44 17
44 40 24 34
44 40 47 6
44 28 29 34
44 28 5 20
44 28 42 1
44 14 42 10
44 14 28 14
44 14 33 18
44 14 23 45
44 14 46 42
44 36 11 44
44 24 48 42
44 24 44 36
44 24 8 28
44 24 49 20
44 24 12 32
44 24 27 14
45 19 0 38
45 19 13 43
45 19 13 46
45 19 42 10
45 19 31 7
45 4 46 42
45 4 10 15
45 4 11 41
45 4 43 19
46 11 35 38
46 11 31 16
46 11 43 47
46 11 15 29
46 11 11 2
46 37 13 27
46 4 47 38
46 4 47 11
46 4 0 38
46 4 1 32
46 32 18 28
46 32 29 5
46 32 3 27
46 32 9 0
46 32 24 34
46 32 12 36
46 32 17 14
46 42 44 24
46 42 24 42
46 42 24 34
47 16 14 48
47 16 10 45
47 16 15 29
47 16 3 27
47 16 24 42
47 16 20 26
47 16 35 27
47 16 32 17
47 38 2 27
47 38 47 16
47 38 41 28
47 38 11 16
47 38 20 30
47 48 38 21
47 1 43 8
47 1 13 46
47 1 44 17
47 1 46 11
47 1 24 31
47 1 22 12
47 6 17 35
47 6 18 3
47 6 10 25
47 6 37 31
47 6 12 36
47 6 17 14
47 6 44 24
47 18 16 15
47 18 6 32
47 18 49 20
47 11 44 36
47 11 49 23
47 11 1 38
47 11 37 31
47 11 6 18
47 11 43 27
47 11 18 17
47 33 12 36
47 33 18 34
47 33 22 45
48 42 12 36
48 42 7 40
49 3 44 28
49 3 13 42
49 3 15 19
49 23 1 43
49 23 14 9
49 23 47 48
49 9 17 46
45 4 18 42
44 14 18 42
32 11 18 42
38 42 18 42
6 17 18 42
44 28 18 42
12 36 18 42
9 29 18 42
15 29 18 42
29 34 18 42
34 2 18 42
20 35 0 48
29 5 0 48
5 20 0 48
7 40 0 48
16 32 0 48
31 32 0 48
38 42 0 48
43 39 0 48
44 28 20 35
49 3 20 35
29 37 20 35
42 1 20 35
21 45 20 35
13 26 20 35
42 10 20 35
24 32 0 49
37 22 0 49
23 16 0 49
9 29 0 49
13 46 0 49
6 18 0 49
1 25 0 49
18 3 0 49
34 10 0 49
49 6 24 32
43 19 24 32
47 48 24 32
35 10 24 32
44 40 24 32
24 34 24 32
9 25 24 32
23 44 0 31
17 14 0 31
22 40 0 31
11 44 0 31
21 9 0 31
24 32 0 31
30 25 0 31
47 33 23 44
47 16 23 44
47 11 23 44
47 38 23 44
31 7 23 44
4 25 23 44
14 15 23 44
19 12 23 44
5 48 23 44
10 1 23 44
22 45 1 45
43 8 1 45
22 12 1 45
45 19 1 45
8 28 1 45
43 39 22 45
49 20 22 45
42 10 22 45
47 16 22 45
1 25 22 45
2 27 22 45
17 14 1 32
27 14 1 32
35 27 17 14
30 25 17 14
35 5 17 14
38 42 17 14
16 15 17 14
20 26 1 25
5 48 1 25
36 1 1 25
33 18 1 25
23 45 1 25
11 44 1 25
6 32 1 25
37 27 1 25
24 34 1 25
47 18 19 26
49 20 19 26
44 14 19 26
44 4 19 26
24 37 19 26
43 22 19 26
12 32 19 26
4 48 19 26
18 42 19 26
35 38 19 26
24 32 19 26
7 33 19 26
0 48 19 26
4 0 19 26
19 26 20 26
49 6 20 26
30 31 20 26
2 27 20 26
29 34 20 26
43 11 20 26
1 45 20 26
21 41 20 26
17 42 1 6
14 6 1 6
44 4 1 6
12 32 1 6
22 47 1 6
46 4 1 6
0 37 1 6
20 26 1 6
38 42 1 6
44 36 17 42
28 5 17 42
43 11 17 42
46 32 17 42
11 16 17 42
46 42 17 42
21 41 1 13
4 0 1 13
34 10 1 13
35 38 1 13
1 38 1 13
13 45 1 13
29 34 21 41
31 12 21 41
29 5 21 41
42 9 21 41
38 16 21 41
19 25 21 41
24 42 21 41
24 34 1 38
23 44 1 38
44 17 24 34
37 45 24 34
34 2 24 34
31 7 24 34
4 48 24 34
22 28 1 43
17 35 1 43
11 35 1 43
17 42 1 43
42 10 22 28
44 17 22 28
32 43 22 28
46 4 22 28
38 21 22 28
16 44 22 28
20 15 22 28
23 16 2 27
43 47 2 27
15 19 2 27
25 45 2 27
24 31 2 27
44 14 18 17
27 14 18 17
46 11 18 17
35 27 18 17
13 45 18 17
15 29 18 17
49 6 18 17
6 41 18 17
29 45 18 17
45 19 18 17
18 17 23 16
29 5 23 16
41 28 23 16
34 10 23 16
44 1 23 16
19 26 23 16
18 28 2 39
35 27 2 39
24 37 2 39
10 15 2 39
47 6 18 28
37 45 18 28
37 27 18 28
28 14 18 28
38 21 18 28
35 38 18 28
44 17 18 28
24 34 18 28
14 15 18 28
21 45 18 28
22 47 2 1
38 42 2 1
35 27 22 47
38 16 22 47
49 20 22 47
35 5 22 47
41 28 22 47
15 25 22 47
31 7 22 47
25 45 22 47
16 22 3 27
44 40 3 27
15 48 3 27
49 20 3 27
31 32 16 22
49 45 16 22
42 1 16 22
49 9 16 22
43 8 16 22
47 1 16 22
6 18 16 22
24 29 3 35
13 46 3 35
22 12 3 35
23 31 3 35
18 42 3 35
15 19 3 35
37 31 24 29
29 5 24 29
46 42 24 29
32 11 24 29
13 26 24 29
45 4 24 29
26 30 24 29
43 39 24 29
22 40 3 36
44 40 3 36
10 4 3 36
8 9 3 36
2 27 3 36
45 19 3 36
13 27 3 36
35 38 22 40
38 21 22 40
44 24 22 40
46 4 22 40
32 17 22 40
21 9 4 49
21 48 4 49
11 16 4 49
44 36 4 49
33 18 4 49
45 19 21 9
46 32 21 9
47 48 21 9
31 16 21 9
18 35 21 9
6 18 21 9
27 14 21 9
37 27 21 9
33 8 21 9
23 31 4 48
43 39 4 48
46 37 4 48
9 29 4 48
47 16 23 31
44 40 23 31
47 11 23 31
46 11 23 31
31 16 23 31
2 1 23 31
44 17 23 31
18 35 4 25
6 41 4 25
20 26 4 25
18 34 4 25
11 35 4 25
43 19 18 35
45 4 18 35
46 11 18 35
37 22 18 35
6 43 18 35
1 32 18 35
1 25 18 35
18 3 4 0
6 28 4 0
49 20 4 0
8 9 4 0
20 30 4 0
43 19 18 3
28 14 18 3
44 36 18 3
44 4 18 3
43 47 18 3
23 31 18 3
19 12 4 35
40 21 4 35
8 28 4 35
46 32 4 35
20 15 19 12
49 6 19 12
35 38 19 12
45 4 19 12
35 27 19 12
24 32 19 12
49 3 19 12
10 15 19 12
10 4 19 12
29 45 20 15
37 22 20 15
38 16 20 15
43 8 20 15
34 10 20 15
42 9 20 15
5 20 20 15
11 30 20 15
45 4 20 15
11 35 20 15
24 42 5 38
8 9 5 38
18 28 5 38
21 48 5 38
37 45 5 38
18 17 5 38
47 38 24 42
29 37 24 42
46 32 24 42
38 21 24 42
18 3 24 42
43 19 24 42
35 38 24 42
7 33 24 42
31 12 24 42
45 19 24 42
29 5 5 30
37 45 5 30
17 35 5 30
46 37 5 48
41 28 5 48
18 35 5 48
1 43 5 48
9 17 5 48
10 15 5 48
44 17 5 48
47 16 5 33
43 47 5 33
6 46 5 33
43 11 5 33
20 15 5 33
9 0 5 33
11 44 5 33
32 11 5 20
46 42 5 20
14 6 5 20
10 25 5 20
37 31 6 41
35 10 6 41
21 45 6 41
17 35 6 41
17 46 6 43
46 11 6 43
25 45 6 43
32 43 6 43
17 14 6 43
31 16 6 43
34 2 17 46
29 5 17 46
49 6 17 46
37 31 17 46
1 32 17 46
43 39 6 28
43 22 6 28
7 33 6 28
22 28 6 28
10 25 6 28
45 4 6 28
31 7 6 28
46 37 6 28
39 0 6 46
46 42 6 46
9 25 6 46
10 1 6 46
37 27 6 46
19 25 6 18
22 28 6 18
47 38 6 18
35 38 6 18
35 10 6 18
17 35 6 18
0 37 6 18
32 11 19 25
26 30 19 25
49 23 19 25
30 31 19 25
32 43 19 25
47 6 19 25
5 48 19 25
0 48 19 25
0 31 19 25
31 32 6 17
31 16 6 17
45 4 6 17
21 9 6 17
37 45 6 17
29 5 6 17
0 48 6 17
47 18 6 17
44 17 6 32
33 18 6 32
5 33 6 32
6 41 6 32
11 35 6 32
43 11 6 32
3 27 6 32
33 8 7 25
41 28 7 25
20 26 7 25
23 44 7 25
15 48 7 25
39 0 7 33
24 10 7 33
35 27 7 33
44 17 7 40
35 27 7 40
3 36 7 40
2 39 7 40
22 30 8 48
46 11 8 48
24 31 22 30
43 11 22 30
47 11 22 30
47 1 22 30
44 40 22 30
4 49 22 30
43 27 22 30
14 6 22 30
17 35 22 30
46 11 24 31
47 38 24 31
31 12 24 31
31 7 24 31
0 38 24 31
2 1 24 31
20 15 24 31
9 0 24 31
15 29 24 31
1 13 24 31
29 34 8 28
43 11 8 28
6 46 8 28
48 42 8 28
24 30 8 9
9 29 8 9
13 45 8 9
2 39 8 9
12 40 8 9
24 32 8 9
40 21 24 30
36 1 24 30
33 8 24 30
33 18 24 30
4 25 24 30
8 28 24 30
23 31 24 30
17 14 24 30
7 40 24 30
38 42 9 25
47 38 9 25
6 17 9 25
18 17 9 25
24 37 9 25
44 40 9 25
22 40 9 25
40 21 9 25
39 0 9 45
35 10 9 45
3 36 9 45
20 15 9 45
5 48 9 45
30 31 9 17
46 42 9 17
17 46 9 17
47 48 9 17
6 43 9 17
15 45 9 17
25 45 9 0
47 38 9 0
46 11 9 0
47 11 9 29
47 1 9 29
2 1 9 29
49 20 9 29
32 43 9 29
19 5 10 25
34 2 10 25
15 45 10 25
3 36 10 25
13 45 10 25
1 32 10 25
27 14 19 5
43 11 19 5
45 4 19 5
28 14 19 5
21 41 19 5
30 25 19 5
24 42 19 5
15 48 19 5
25 45 10 26
44 1 10 26
24 31 10 26
34 10 10 15
46 4 10 15
4 35 10 15
22 30 10 15
25 45 10 15
44 14 10 15
47 48 10 1
37 27 10 1
12 36 10 1
36 1 10 1
11 2 10 1
23 45 10 45
1 25 10 45
17 42 10 45
47 33 10 45
44 28 10 45
49 9 23 45
32 17 23 45
29 34 23 45
49 20 23 45
44 28 23 45
28 5 23 45
46 37 23 45
43 47 10 4
41 28 10 4
35 10 10 4
31 32 10 4
43 22 10 4
15 29 10 4
17 35 11 35
7 33 11 35
47 18 17 35
46 4 17 35
34 2 17 35
41 28 17 35
43 22 17 35
16 15 17 35
15 29 17 35
30 25 17 35
9 17 17 35
20 26 17 35
44 28 11 41
46 4 11 41
12 36 11 41
15 19 11 41
36 1 11 41
0 37 11 41
8 9 11 41
9 25 11 41
41 28 11 2
44 28 11 2
16 15 11 2
18 17 11 2
15 19 11 2
43 22 11 44
46 32 11 44
8 28 11 44
30 25 11 44
33 18 11 44
43 8 11 44
28 5 11 44
14 9 11 44
44 28 11 16
26 30 11 16
3 35 11 16
14 9 11 16
15 45 11 16
15 25 11 16
48 42 11 30
46 42 11 30
44 36 11 30
5 33 11 30
11 44 11 30
37 22 11 30
32 11 12 40
47 48 12 40
11 16 12 40
18 34 12 40
32 43 12 40
46 42 12 36
45 19 12 36
49 3 12 36
47 1 12 36
44 40 12 36
18 28 12 36
46 4 12 36
23 45 12 36
27 14 12 32
28 14 12 32
13 45 12 32
21 48 13 45
37 27 13 45
15 25 13 45
26 30 13 45
19 5 13 45
37 31 21 48
46 32 21 48
46 42 21 48
28 5 21 48
19 26 21 48
35 27 21 48
21 41 21 48
0 49 21 48
41 28 21 48
47 33 21 48
44 14 13 46
29 34 13 46
1 6 13 46
43 19 13 42
43 22 13 42
11 16 13 42
9 45 13 42
42 10 13 42
24 37 13 26
31 12 13 26
9 25 13 26
11 41 13 26
23 31 13 26
22 12 13 27
16 15 13 27
43 8 13 27
46 42 22 12
44 1 22 12
34 2 22 12
43 11 22 12
47 18 22 12
24 30 22 12
14 15 22 12
47 33 22 12
32 43 13 43
43 19 13 43
22 30 13 43
40 21 14 25
47 16 14 25
43 11 14 25
20 30 14 48
21 9 14 48
21 45 14 48
43 27 14 48
23 31 14 48
47 6 14 48
13 43 14 48
43 22 20 30
49 3 20 30
35 27 20 30
43 11 20 30
18 28 20 30
35 5 20 30
28 5 14 9
35 38 14 9
2 1 14 9
24 30 14 9
21 41 14 9
17 42 14 9
4 48 14 9
21 45 14 6
44 1 14 6
15 29 14 6
24 31 14 6
9 29 14 6
42 1 21 45
38 21 21 45
47 48 21 45
43 19 21 45
42 10 21 45
24 10 21 45
24 42 21 45
42 1 14 15
29 5 14 15
10 25 14 15
44 14 14 15
44 28 15 25
47 11 15 25
48 42 15 25
46 11 15 25
38 21 15 45
48 42 15 45
21 9 15 45
18 34 15 48
17 35 15 48
27 14 15 48
29 34 18 34
49 6 18 34
33 8 18 34
46 4 18 34
17 35 18 34
31 7 18 34
44 28 18 34
43 39 15 19
35 27 15 19
20 26 15 19
29 34 15 19
5 48 15 19
49 45 15 29
44 1 15 29
44 36 15 29
43 19 15 29
6 18 15 29
38 42 16 44
30 25 16 44
13 27 16 44
26 30 16 32
44 4 16 32
0 49 16 32
30 25 16 32
8 28 16 32
47 33 16 15
44 24 16 15
24 10 16 15
28 14 16 15
29 45 16 15
29 37 16 15
30 25 16 15
31 12 16 15
31 16 16 15
31 7 16 15
32 17 16 15
33 18 16 15
35 10 16 15
35 5 16 15
36 1 16 15
37 27 16 15
37 45 16 15
38 26 16 15
38 16 16 15
42 9 16 15
43 8 16 15
43 27 16 15
43 11 16 15
44 1 16 15
44 4 16 15
44 40 16 15
45 4 16 15
46 4 16 15
46 32 16 15
47 1 16 15
49 3 16 15
49 23 16 15
12 40 16 15
11 41 24 37
49 9 24 37
3 36 24 37
40 21 24 10
43 11 24 10
10 25 24 10
47 18 24 10
44 40 25 45
1 6 26 30
38 16 26 30
13 46 26 30
21 48 27 14
16 22 28 14
46 11 28 14
27 14 28 14
48 42 28 5
4 25 29 45
44 1 29 45
22 40 29 45
22 47 29 37
43 11 29 5
9 0 29 5
49 9 29 34
22 40 29 34
5 33 30 25
34 10 30 25
31 32 30 25
22 30 30 31
0 38 30 31
21 9 30 31
4 49 30 31
28 14 31 12
13 46 31 12
9 25 31 12
22 30 31 16
18 35 31 16
6 18 31 32
49 20 31 32
1 25 31 32
33 18 31 32
10 15 31 7
46 4 31 7
47 38 31 7
1 32 31 7
31 16 32 43
23 44 32 11
37 45 32 11
43 22 32 11
38 42 32 17
2 27 32 17
44 14 32 17
35 38 33 18
5 38 33 8
20 30 34 10
17 46 34 10
38 26 34 10
5 33 34 10
39 0 34 2
17 14 34 2
49 3 34 2
37 45 34 2
44 36 34 2
0 38 34 2
9 29 35 38
7 33 35 38
9 17 35 38
21 9 35 38
32 17 35 38
30 25 35 38
43 19 35 10
11 30 35 5
5 20 35 5
44 14 35 5
8 48 35 5
47 1 35 27
30 31 35 27
13 26 35 27
8 48 36 1
2 39 36 1
13 42 36 1
44 40 36 1
23 12 36 1
11 2 37 31
47 38 37 31
45 19 37 31
7 40 37 27
49 6 37 27
11 2 37 27
22 40 37 27
19 25 37 27
46 37 37 27
37 45 37 22
6 32 37 22
10 15 37 22
48 42 37 22
21 41 37 22
18 34 37 45
21 41 38 26
30 31 38 42
7 25 38 42
11 30 38 42
21 45 38 42
18 17 38 21
46 42 38 21
44 40 38 21
42 9 38 16
40 21 38 16
22 47 39 0
44 17 39 0
31 32 39 0
23 44 40 21
6 46 40 21
46 11 40 21
0 49 40 21
22 30 40 21
18 28 41 28
0 49 41 28
9 25 41 28
14 6 41 28
1 32 41 28
6 32 42 1
18 3 42 1
35 27 42 1
43 47 42 10
49 3 42 10
13 43 42 9
5 20 42 9
15 25 42 9
10 4 43 8
42 9 43 8
49 3 43 8
21 9 43 39
46 11 43 39
3 35 43 39
11 16 43 39
12 32 43 39
11 44 43 47
7 33 43 47
22 30 43 47
3 27 43 22
24 34 43 27
36 1 43 27
20 35 43 27
8 48 43 27
11 2 43 27
0 38 43 19
37 45 43 19
30 25 43 19
26 30 43 19
23 45 43 11
26 30 44 17
24 31 44 1
43 11 44 1
1 45 44 1
20 26 44 1
30 25 44 1
23 44 44 4
49 9 44 4
31 32 44 4
9 29 44 4
6 41 44 40
44 17 44 40
24 34 44 40
47 6 44 40
29 34 44 28
5 20 44 28
42 1 44 28
42 10 44 14
28 14 44 14
33 18 44 14
23 45 44 14
46 42 44 14
11 44 44 36
48 42 44 24
44 36 44 24
8 28 44 24
49 20 44 24
12 32 44 24
27 14 44 24
0 38 45 19
13 43 45 19
13 46 45 19
42 10 45 19
31 7 45 19
46 42 45 4
10 15 45 4
11 41 45 4
43 19 45 4
35 38 46 11
31 16 46 11
43 47 46 11
15 29 46 11
11 2 46 11
13 27 46 37
47 38 46 4
47 11 46 4
0 38 46 4
1 32 46 4
18 28 46 32
29 5 46 32
3 27 46 32
9 0 46 32
24 34 46 32
12 36 46 32
17 14 46 32
44 24 46 42
24 42 46 42
24 34 46 42
14 48 47 16
10 45 47 16
15 29 47 16
3 27 47 16
24 42 47 16
20 26 47 16
35 27 47 16
32 17 47 16
2 27 47 38
47 16 47 38
41 28 47 38
11 16 47 38
20 30 47 38
38 21 47 48
43 8 47 1
13 46 47 1
44 17 47 1
46 11 47 1
24 31 47 1
22 12 47 1
17 35 47 6
18 3 47 6
10 25 47 6
37 31 47 6
12 36 47 6
17 14 47 6
44 24 47 6
16 15 47 18
6 32 47 18
49 20 47 18
44 36 47 11
49 23 47 11
1 38 47 11
37 31 47 11
6 18 47 11
43 27 47 11
18 17 47 11
12 36 47 33
18 34 47 33
22 45 47 33
12 36 48 42
7 40 48 42
44 28 49 3
13 42 49 3
15 19 49 3
1 43 49 23
14 9 49 23
47 48 49 23
17 46 49 9