50
200
3903
0 37 39
0 38 52
0 48 99
0 49 34
0 31 16
1 45 13
1 32 27
1 25 3
1 6 8
1 13 73
1 38 47
1 43 17
2 27 78
2 39 43
2 1 47
3 27 66
3 35 16
3 36 26
4 49 9
4 48 3
4 25 23
4 0 62
4 35 82
5 38 1
5 30 74
5 48 92
5 33 44
5 20 42
6 41 2
6 43 73
6 28 11
6 46 15
6 18 30
6 17 62
6 32 38
7 25 84
7 33 16
7 40 34
8 48 36
8 28 88
8 9 63
9 25 98
9 45 54
9 17 95
9 0 26
9 29 5
10 25 27
10 26 17
10 15 93
10 1 8
10 45 55
10 4 53
11 35 7
11 41 9
11 2 80
11 44 58
11 16 96
11 30 64
12 40 78
12 36 88
12 32 84
13 45 40
13 46 21
13 42 30
13 26 36
13 27 18
13 43 89
14 25 7
14 48 11
14 9 83
14 6 21
14 15 27
15 25 7
15 45 73
15 48 70
15 19 88
15 29 93
16 44 12
16 32 58
16 15 35
16 22 2
17 35 5
17 46 8
17 42 28
17 14 27
18 42 3
18 28 91
18 3 5
18 17 96
18 35 28
18 34 43
19 26 38
19 25 57
19 5 85
19 12 82
20 35 66
20 26 45
20 30 14
20 15 35
21 48 8
21 45 22
21 9 88
21 41 59
22 30 52
22 47 68
22 45 72
22 40 17
22 12 60
22 28 17
23 45 13
23 44 31
23 12 10
23 16 29
23 31 9
24 42 85
24 29 44
24 31 32
24 34 32
24 30 10
24 32 14
24 37 84
24 10 53
25 45 69
26 30 14
27 14 31
28 14 32
28 5 86
29 45 66
29 37 81
29 5 76
29 34 20
30 25 45
30 31 53
31 12 97
31 16 97
31 32 75
31 7 70
32 43 49
32 11 72
32 17 99
33 18 84
33 8 36
34 10 75
34 2 10
35 38 64
35 10 80
35 5 89
35 27 45
36 1 80
37 31 6
37 27 41
37 22 33
37 45 66
38 26 70
38 42 80
38 21 74
38 16 68
39 0 89
40 21 32
41 28 55
42 1 96
42 10 33
42 9 77
43 8 44
43 39 56
43 47 9
43 22 92
43 27 17
43 19 37
43 11 18
44 17 6
44 1 94
44 4 28
44 40 69
44 28 29
44 14 13
44 36 26
44 24 85
45 19 17
45 4 68
46 11 16
46 37 15
46 4 94
46 32 59
46 42 85
47 16 17
47 38 93
47 48 34
47 1 10
47 6 84
47 18 96
47 11 99
47 33 10
48 42 89
49 6 98
49 3 93
49 23 0
49 9 14
49 45 75
49 20 81
17 35 14 48
17 35 13 43
17 35 41 28
17 35 32 43
17 35 47 11
17 35 4 0
17 35 35 10
17 35 8 9
17 35 1 32
0 38 20 26
0 38 41 28
0 38 25 45
0 38 23 44
0 38 19 12
0 38 35 38
0 38 47 18
0 38 9 25
0 38 38 16
0 38 31 7
0 38 46 42
0 38 31 12
0 38 30 31
0 38 1 13
0 38 18 34
0 38 32 11
0 38 44 24
0 38 43 11
0 38 4 35
0 38 15 29
0 38 20 35
0 38 44 17
20 26 32 43
20 26 34 10
20 26 37 45
20 26 33 8
20 26 13 27
20 26 8 48
20 26 47 18
20 26 9 0
20 26 7 40
20 26 21 45
20 26 16 22
20 26 13 42
20 26 44 28
20 26 5 48
20 26 36 1
20 26 24 10
20 26 8 9
20 26 12 32
20 26 18 35
20 26 46 32
20 26 5 30
20 26 22 28
20 26 19 5
20 26 44 36
20 26 42 10
20 26 19 25
20 26 43 22
20 26 10 45
20 26 39 0
20 26 2 27
20 26 15 19
20 26 38 26
20 26 12 36
20 26 17 14
20 26 43 39
20 26 25 45
20 26 37 31
20 26 13 46
20 26 18 17
20 26 10 26
20 26 38 16
20 26 14 48
20 26 47 48
0 48 24 32
0 48 13 26
0 48 47 1
0 48 22 45
0 48 11 16
0 48 0 38
0 48 3 36
0 48 22 30
0 48 1 13
0 48 16 15
0 48 38 42
0 48 6 43
0 48 30 31
0 48 44 17
0 48 31 32
0 48 13 42
24 32 45 4
24 32 46 37
24 32 49 45
24 32 46 11
24 32 7 25
24 32 1 25
24 32 3 36
24 32 19 25
24 32 30 31
24 32 22 45
24 32 34 2
24 32 13 45
24 32 15 29
24 32 24 31
24 32 33 8
24 32 22 47
24 32 47 38
24 32 10 25
24 32 12 36
24 32 25 45
24 32 3 27
24 32 41 28
24 32 18 28
24 32 8 9
24 32 27 14
24 32 43 47
24 32 23 12
24 32 44 14
24 32 29 34
24 32 15 19
24 32 6 43
24 32 38 26
24 32 6 17
24 32 11 16
24 32 23 45
24 32 29 5
24 32 2 1
0 49 19 26
0 49 21 9
0 49 11 16
0 49 43 8
0 49 1 45
0 49 24 37
19 26 38 42
19 26 32 11
19 26 31 32
19 26 47 33
19 26 47 16
19 26 8 9
19 26 5 20
19 26 1 6
19 26 1 32
19 26 1 45
19 26 29 5
19 26 9 17
19 26 4 35
19 26 0 38
19 26 39 0
19 26 37 45
19 26 35 27
19 26 40 21
19 26 33 18
19 26 23 31
19 26 18 28
19 26 38 21
19 26 43 47
19 26 29 34
19 26 37 22
19 26 24 42
19 26 18 34
19 26 22 12
19 26 49 23
19 26 6 17
19 26 47 1
19 26 44 28
19 26 13 42
19 26 15 25
19 26 23 12
19 26 24 37
19 26 49 45
19 26 16 22
19 26 21 48
19 26 1 13
19 26 5 38
19 26 47 6
19 26 24 32
19 26 41 28
0 31 23 12
0 31 47 6
20 30 44 36
20 30 31 16
20 30 44 28
20 30 42 1
20 30 5 33
20 30 8 28
20 30 8 9
20 30 13 43
20 30 25 45
20 30 18 3
20 30 14 48
20 30 0 49
20 30 44 4
20 30 18 28
20 30 1 45
20 30 14 6
20 30 19 5
20 30 24 32
20 30 43 39
20 30 35 5
20 30 4 0
20 30 13 27
20 30 8 48
20 30 4 49
20 30 14 9
20 30 1 32
20 30 21 48
20 30 37 22
20 30 3 36
20 30 42 9
20 30 6 46
20 30 33 18
20 30 17 46
20 30 16 22
20 30 4 48
20 30 1 6
20 30 43 47
20 30 44 17
20 30 17 35
20 30 44 40
20 30 23 44
20 30 23 31
20 30 9 17
23 12 20 30
23 12 33 18
23 12 44 4
23 12 35 10
23 12 45 4
23 12 2 39
23 12 44 14
23 12 6 43
23 12 43 8
23 12 23 44
23 12 13 27
23 12 17 35
23 12 11 41
23 12 31 32
23 12 0 37
23 12 42 10
23 12 44 1
23 12 31 7
23 12 35 27
23 12 49 9
23 12 9 29
23 12 18 3
23 12 2 1
23 12 47 38
23 12 27 14
23 12 14 48
23 12 0 38
23 12 22 40
23 12 7 25
23 12 28 5
23 12 21 9
23 12 33 8
23 12 5 30
23 12 24 10
23 12 13 43
23 12 11 44
23 12 24 37
23 12 10 4
23 12 13 46
23 12 46 4
23 12 19 5
23 12 3 27
1 45 23 45
1 45 13 45
1 45 35 10
1 45 44 40
1 45 8 28
1 45 11 30
1 45 13 42
1 45 3 36
1 45 1 43
1 45 14 48
1 45 49 3
1 45 29 37
1 45 36 1
1 45 8 48
1 45 6 43
1 45 49 9
1 45 10 45
1 45 24 32
1 45 22 40
1 45 47 16
1 45 15 19
1 45 14 25
1 45 2 39
1 45 29 45
1 45 5 48
1 45 27 14
1 45 2 27
1 45 14 6
1 45 30 31
1 45 0 48
1 45 11 2
1 45 44 17
1 45 5 30
1 45 20 35
1 45 23 44
23 45 27 14
23 45 29 45
23 45 43 22
23 45 49 23
23 45 23 12
23 45 32 43
1 32 24 34
1 32 16 15
1 32 4 25
1 32 29 34
1 32 8 28
1 32 47 16
1 32 35 38
1 32 20 35
1 32 46 32
1 32 8 48
1 32 15 19
1 32 43 39
1 32 46 42
1 32 35 27
1 32 17 46
1 32 46 11
1 32 20 15
1 32 17 42
1 32 6 28
1 32 6 41
1 32 43 22
1 32 24 29
1 32 14 6
1 32 9 17
1 32 1 45
1 32 49 6
1 32 24 32
1 32 43 27
1 32 11 2
1 32 34 10
1 32 3 27
1 32 15 25
1 32 4 48
1 32 1 43
1 32 30 25
1 32 9 45
1 32 3 35
1 32 23 31
1 32 18 35
1 32 11 16
24 34 48 42
24 34 49 3
24 34 49 45
24 34 49 23
24 34 34 10
24 34 35 38
24 34 22 47
24 34 24 42
24 34 35 10
24 34 26 30
24 34 10 1
24 34 12 32
24 34 1 6
24 34 11 2
24 34 44 17
24 34 47 38
24 34 44 14
24 34 20 30
24 34 17 42
24 34 4 35
24 34 6 43
24 34 9 0
24 34 17 14
24 34 31 12
24 34 43 8
24 34 30 31
24 34 6 32
24 34 13 42
24 34 2 1
24 34 49 9
24 34 14 48
24 34 44 28
24 34 39 0
24 34 23 45
1 25 18 17
1 25 1 13
1 25 47 33
1 25 5 48
1 25 41 28
1 25 5 30
1 25 14 9
1 25 19 5
1 25 6 43
1 25 34 10
1 25 13 27
1 25 10 25
1 25 47 38
18 17 43 39
18 17 32 43
18 17 29 5
18 17 44 40
18 17 15 29
18 17 35 5
18 17 11 16
18 17 24 31
18 17 2 1
18 17 16 15
18 17 44 17
18 17 1 13
18 17 42 10
18 17 18 35
18 17 47 1
18 17 47 38
18 17 15 25
18 17 17 46
18 17 23 45
18 17 40 21
18 17 42 9
18 17 13 42
18 17 26 30
18 17 7 33
18 17 24 32
18 17 37 22
18 17 12 40
18 17 46 37
18 17 24 37
18 17 5 20
18 17 43 11
18 17 33 8
18 17 13 46
18 17 10 26
1 6 24 42
1 6 13 46
1 6 46 37
1 6 47 6
1 6 8 9
1 6 46 42
1 6 4 48
1 6 37 45
1 6 9 29
1 6 35 10
1 6 7 33
1 6 49 23
1 6 1 25
1 6 44 28
1 6 15 19
1 6 18 28
1 6 29 45
1 6 0 38
1 6 28 14
1 6 19 25
1 6 45 19
24 42 44 1
24 42 47 48
24 42 47 38
24 42 32 11
24 42 28 5
1 13 22 30
1 13 43 47
1 13 37 27
1 13 8 9
1 13 11 30
1 13 13 43
1 13 1 32
1 13 4 49
1 13 8 48
1 13 30 25
1 13 43 8
1 13 24 32
1 13 10 25
1 13 44 36
1 13 24 30
1 13 45 19
1 13 19 12
1 13 4 35
1 13 49 23
1 13 24 10
1 13 0 37
1 13 6 18
1 13 24 34
1 13 12 36
1 13 39 0
1 13 18 35
1 13 7 33
1 13 11 44
1 13 27 14
1 13 21 45
1 13 29 34
1 13 4 0
1 13 5 48
1 13 19 5
1 13 10 1
1 13 16 44
1 13 15 45
1 13 47 16
17 46 49 20
17 46 47 33
17 46 43 8
17 46 45 4
17 46 35 5
17 46 44 24
17 46 47 38
17 46 46 37
17 46 34 2
17 46 6 46
17 46 5 30
17 46 15 29
17 46 2 27
17 46 35 38
17 46 38 21
17 46 44 4
17 46 13 26
17 46 44 40
17 46 12 36
17 46 43 22
17 46 16 32
17 46 42 9
17 46 1 38
17 46 33 18
17 46 40 21
17 46 8 28
17 46 24 29
17 46 4 25
17 46 0 48
17 46 14 15
17 46 12 40
17 46 18 3
17 46 15 48
17 46 1 25
17 46 22 47
22 30 17 46
22 30 40 21
22 30 20 35
22 30 37 27
22 30 12 32
22 30 11 2
22 30 34 2
22 30 1 45
22 30 48 42
22 30 16 15
22 30 47 33
22 30 42 9
1 38 18 3
1 38 47 33
1 38 29 5
1 38 27 14
1 38 0 49
1 38 24 42
1 38 31 32
1 38 2 1
1 38 19 12
1 38 12 32
1 38 45 19
1 38 13 43
1 38 47 38
1 38 47 18
1 38 1 32
1 38 11 35
1 38 5 20
1 38 29 37
1 38 13 45
1 38 14 9
1 38 20 35
1 38 38 42
1 38 49 6
1 38 18 34
1 38 6 32
1 38 21 41
1 38 25 45
1 38 22 28
1 38 21 9
1 38 12 36
1 38 16 15
1 38 26 30
1 38 8 9
1 38 32 43
1 38 15 45
1 38 7 40
18 3 39 0
18 3 33 8
18 3 35 27
18 3 47 11
18 3 38 16
18 3 16 32
18 3 6 43
18 3 24 30
18 3 14 25
18 3 44 17
18 3 7 25
18 3 5 30
1 43 22 40
1 43 49 45
1 43 34 10
1 43 20 15
1 43 37 31
1 43 30 25
1 43 2 39
1 43 37 45
1 43 47 16
22 40 47 18
22 40 30 31
22 40 37 22
22 40 34 2
22 40 32 11
22 40 22 12
22 40 15 48
22 40 37 27
22 40 38 26
22 40 20 15
22 40 37 45
22 40 44 24
22 40 17 46
22 40 23 16
22 40 11 30
22 40 14 15
22 40 21 45
22 40 6 41
22 40 4 35
22 40 8 9
22 40 19 12
22 40 45 19
22 40 23 45
22 40 35 27
22 40 42 1
22 40 43 27
22 40 6 28
2 27 24 30
2 27 10 1
2 27 16 32
2 27 44 24
2 27 47 6
2 27 15 45
2 27 9 45
24 31 24 10
24 31 29 5
24 31 31 16
24 31 27 14
24 31 28 5
24 31 37 22
24 31 24 29
24 31 5 30
24 31 31 12
24 31 29 34
24 31 32 17
24 31 12 32
24 31 2 27
24 31 47 6
24 31 39 0
24 31 13 26
24 31 46 42
24 31 43 11
24 31 37 27
24 31 17 42
24 31 7 33
24 31 18 34
24 31 5 20
24 31 43 8
24 31 10 45
24 31 0 31
24 31 8 28
24 31 19 12
24 31 36 1
24 31 8 48
24 31 21 9
24 31 0 49
24 31 18 35
24 30 24 31
24 30 31 32
24 30 31 7
24 30 42 1
24 30 14 6
24 30 47 11
24 30 29 45
24 30 38 21
24 30 10 25
24 30 44 36
24 30 42 9
24 30 16 22
24 30 4 0
24 30 5 38
24 30 44 28
24 30 49 23
24 30 22 47
24 30 14 48
24 30 37 45
24 30 22 28
24 30 9 25
24 30 46 37
24 30 28 5
24 30 17 46
24 30 35 5
24 30 49 45
24 30 34 2
24 30 46 4
24 30 12 36
2 39 21 9
2 39 38 26
2 39 4 25
2 39 5 30
2 39 21 48
2 39 44 14
2 39 1 13
2 39 32 11
2 39 0 37
2 39 18 34
2 39 46 37
2 39 6 46
2 39 41 28
2 39 2 27
2 39 47 38
2 39 32 17
2 39 4 49
2 39 42 10
2 39 29 34
2 39 18 3
2 39 16 22
2 39 47 6
2 39 47 1
2 39 18 35
2 39 43 22
2 39 18 42
2 39 13 43
2 39 9 29
2 39 4 35
2 39 14 48
21 9 42 9
21 9 44 28
21 9 35 38
21 9 42 10
21 9 30 25
21 9 49 20
21 9 4 48
21 9 23 31
21 9 1 43
21 9 5 48
21 9 13 45
21 9 19 5
21 9 45 19
21 9 0 38
21 9 22 28
21 9 34 10
21 9 32 17
21 9 31 32
21 9 12 40
21 9 9 45
21 9 47 16
21 9 18 35
21 9 18 28
21 9 43 19
21 9 21 41
21 9 23 44
21 9 18 3
21 9 11 41
21 9 15 25
2 1 18 42
2 1 11 2
2 1 5 30
2 1 5 20
2 1 26 30
18 42 38 16
18 42 43 22
18 42 49 23
18 42 1 45
18 42 44 1
18 42 7 25
3 27 17 14
3 27 14 25
3 27 45 4
3 27 1 6
3 27 19 12
3 27 1 43
3 27 49 3
3 27 44 24
3 27 31 7
3 27 13 42
3 27 2 39
3 27 43 11
3 27 13 43
3 27 46 4
3 27 3 35
3 27 37 27
3 27 38 42
3 27 47 1
3 27 11 41
3 27 14 6
3 27 10 45
3 27 46 11
3 27 0 38
3 27 2 1
3 27 38 21
17 14 29 45
17 14 49 20
17 14 31 16
17 14 44 24
17 14 44 14
17 14 26 30
17 14 6 43
17 14 40 21
17 14 22 28
17 14 30 31
17 14 2 27
17 14 4 35
17 14 31 12
17 14 0 38
17 14 37 22
17 14 34 2
17 14 20 35
17 14 10 26
17 14 2 39
17 14 37 31
17 14 14 25
17 14 30 25
17 14 15 25
17 14 6 46
17 14 21 45
17 14 47 33
17 14 14 48
17 14 19 12
17 14 13 42
17 14 5 38
17 14 15 19
17 14 43 27
17 14 6 17
3 35 13 26
3 35 10 15
3 35 31 16
3 35 1 6
20 35 31 16
20 35 44 1
20 35 29 37
20 35 33 18
20 35 47 18
20 35 47 1
20 35 6 32
20 35 47 16
20 35 48 42
3 36 18 34
3 36 42 1
3 36 19 25
3 36 22 40
3 36 9 29
3 36 5 20
3 36 49 6
3 36 49 9
3 36 1 38
3 36 21 45
3 36 49 23
3 36 4 0
3 36 45 19
3 36 49 45
18 34 47 33
18 34 31 7
18 34 37 22
18 34 32 17
18 34 1 13
18 34 35 27
18 34 1 6
18 34 9 0
18 34 11 16
18 34 11 44
18 34 43 11
18 34 4 0
18 34 23 16
18 34 20 30
18 34 23 12
18 34 47 6
18 34 24 34
18 34 5 33
18 34 23 44
18 34 6 43
18 34 45 4
18 34 12 40
18 34 12 36
18 34 16 32
18 34 46 42
18 34 17 14
18 34 47 38
18 34 29 34
18 34 22 30
18 34 18 3
18 34 33 18
18 34 48 42
18 34 44 17
18 34 43 39
18 34 9 45
18 34 19 25
18 34 20 35
18 34 13 26
4 49 21 48
4 49 31 16
4 49 46 37
4 49 23 45
4 49 23 31
4 49 1 32
4 49 1 38
4 49 19 5
4 49 41 28
4 49 44 14
4 49 44 28
4 49 8 48
4 49 13 43
4 49 49 6
4 49 13 27
4 49 18 35
4 49 47 48
4 49 47 6
4 49 37 27
4 49 1 45
4 49 17 35
4 49 7 40
21 48 25 45
21 48 44 1
21 48 37 45
21 48 43 39
21 48 5 20
21 48 10 1
21 48 23 12
21 48 11 16
21 48 1 32
21 48 44 40
21 48 3 27
21 48 38 26
21 48 24 29
21 48 29 5
21 48 14 6
21 48 11 35
21 48 2 1
21 48 43 47
21 48 49 9
21 48 46 37
21 48 47 33
21 48 10 45
21 48 38 16
21 48 13 45
21 48 13 42
21 48 44 28
21 48 24 31
21 48 10 4
21 48 29 37
21 48 47 11
21 48 17 35
21 48 20 26
21 48 8 48
21 48 43 27
21 48 21 41
21 48 37 22
21 48 3 35
21 48 18 3
21 48 9 29
4 48 19 25
4 48 35 5
4 48 44 36
4 48 14 48
4 48 7 33
4 48 22 30
4 48 32 17
19 25 31 32
19 25 38 42
19 25 28 5
19 25 42 9
19 25 4 35
19 25 14 6
19 25 1 13
19 25 21 9
19 25 46 42
19 25 47 48
19 25 45 4
19 25 1 45
19 25 5 38
19 25 6 17
19 25 43 27
19 25 34 2
19 25 24 37
19 25 14 9
19 25 0 49
19 25 9 17
19 25 4 25
19 25 10 26
19 25 12 40
19 25 47 11
19 25 46 32
19 25 22 28
19 25 16 22
19 25 2 27
19 25 4 49
19 25 32 11
19 25 16 32
19 25 3 35
19 25 29 37
19 25 35 38
19 25 9 29
4 25 24 29
4 25 9 0
4 25 17 35
4 25 47 1
4 25 11 44
4 25 0 38
4 25 24 37
4 25 44 1
4 25 12 36
4 25 35 10
4 25 23 16
4 25 12 40
4 25 48 42
4 25 47 11
4 25 37 45
4 25 13 45
4 25 13 42
4 25 38 16
4 25 6 41
4 25 15 25
4 25 49 20
4 25 18 42
4 25 3 27
4 25 30 31
4 25 2 27
4 25 31 12
4 25 5 20
4 25 15 48
4 25 38 26
4 25 21 9
4 25 24 30
4 25 6 46
4 25 7 33
23 16 49 9
23 16 48 42
23 16 47 48
23 16 29 45
23 16 39 0
23 16 1 6
24 29 23 16
24 29 32 43
24 29 47 6
24 29 41 28
24 29 31 7
24 29 15 29
24 29 12 32
24 29 46 11
24 29 19 25
24 29 9 0
24 29 1 45
24 29 44 4
24 29 10 1
24 29 44 14
24 29 6 32
24 29 20 15
24 29 23 12
24 29 7 40
24 29 5 33
24 29 29 45
24 29 24 42
24 29 22 30
24 29 22 45
24 29 42 9
24 29 10 45
24 29 23 44
24 29 24 10
24 29 24 34
24 29 24 37
4 0 18 35
4 0 24 32
4 0 0 49
4 0 8 28
4 0 15 19
4 0 13 46
4 0 20 15
4 0 34 2
4 0 14 15
4 0 4 48
4 0 48 42
4 0 21 48
4 0 9 45
4 0 1 25
4 0 44 40
4 0 47 6
4 0 11 2
4 0 49 3
4 0 44 1
4 0 45 19
4 0 4 25
4 0 32 17
4 0 19 5
4 0 5 48
4 0 49 23
4 0 30 31
4 0 32 11
4 0 11 41
4 0 35 38
4 0 44 24
4 0 21 9
4 0 38 16
4 0 19 26
4 0 14 25
4 0 8 9
4 0 24 29
4 0 22 30
18 35 19 5
18 35 45 4
18 35 31 7
18 35 38 42
18 35 24 37
18 35 27 14
18 35 14 48
18 35 49 6
18 35 10 45
18 35 42 1
18 35 32 17
18 35 0 31
18 35 37 45
18 35 4 48
18 35 44 1
18 35 47 38
19 5 47 48
19 5 30 31
19 5 31 12
19 5 5 30
19 5 23 31
19 5 46 37
19 5 14 48
19 5 31 32
19 5 7 25
19 5 14 6
19 5 21 45
19 5 47 1
19 5 0 48
19 5 12 32
4 35 18 28
4 35 24 10
4 35 6 18
4 35 47 33
4 35 11 30
4 35 1 45
18 28 29 5
18 28 45 4
18 28 49 23
18 28 32 43
18 28 15 45
18 28 9 0
18 28 4 49
18 28 5 30
18 28 37 22
18 28 15 48
18 28 47 16
18 28 49 45
18 28 47 1
18 28 19 25
18 28 35 27
18 28 44 4
18 28 47 18
18 28 5 33
18 28 43 47
18 28 19 5
18 28 11 41
18 28 2 39
18 28 10 45
18 28 30 25
18 28 23 16
18 28 48 42
18 28 10 26
5 38 21 41
5 38 38 16
5 38 30 25
5 38 11 41
5 38 24 37
5 38 6 17
5 38 46 11
5 38 18 34
5 38 29 5
5 38 16 15
5 38 1 38
5 38 43 8
5 38 47 1
5 38 14 9
5 38 49 6
5 38 31 32
5 38 0 48
5 38 29 34
5 38 16 22
21 41 35 38
21 41 29 5
21 41 46 11
21 41 46 42
21 41 18 34
21 41 19 5
21 41 47 33
21 41 42 9
21 41 0 31
21 41 44 24
21 41 49 45
21 41 49 6
21 41 43 11
21 41 43 47
21 41 44 40
21 41 43 27
21 41 6 43
21 41 47 16
21 41 13 46
21 41 14 15
21 41 1 43
21 41 5 20
21 41 13 45
21 41 31 32
21 41 1 32
21 41 5 48
21 41 11 44
21 41 6 18
21 41 31 12
5 30 28 14
5 30 37 22
5 30 0 37
5 30 7 33
5 30 23 31
5 30 11 35
5 30 38 16
5 30 11 44
5 30 12 40
5 30 49 20
5 30 20 15
5 30 6 41
5 30 2 27
5 30 15 19
5 30 8 9
5 30 0 49
5 30 38 42
5 30 43 27
5 30 22 12
5 30 35 27
5 30 11 30
5 30 16 32
5 30 48 42
5 30 46 42
5 30 6 43
5 30 47 18
5 30 24 42
5 30 46 32
5 30 24 37
5 30 15 48
5 30 30 25
5 30 49 6
5 30 44 28
5 30 43 39
5 48 38 26
5 48 24 37
5 48 2 39
5 48 44 40
5 48 19 5
5 48 44 28
5 48 38 16
5 48 14 48
5 48 38 42
5 48 35 38
5 48 15 19
5 48 16 15
5 48 49 20
5 48 17 14
5 48 18 3
5 48 16 44
5 48 23 45
5 48 21 48
5 48 8 48
5 48 19 12
5 48 41 28
5 48 14 15
5 48 6 43
5 48 11 41
5 48 36 1
5 48 8 28
5 48 42 9
5 48 27 14
5 48 21 45
5 48 12 32
5 48 46 42
5 48 29 34
5 48 44 1
5 48 45 19
5 48 16 22
5 48 19 25
5 48 49 23
5 48 23 12
5 48 10 15
5 48 29 37
5 33 48 42
5 33 17 46
5 33 4 35
5 33 9 17
5 33 24 30
5 33 7 25
5 33 10 45
5 33 2 1
5 33 37 22
5 33 39 0
5 33 30 31
5 20 44 1
5 20 38 26
5 20 9 29
5 20 35 5
5 20 45 4
5 20 16 15
5 20 17 35
5 20 34 10
5 20 25 45
5 20 13 42
5 20 4 49
5 20 12 36
5 20 42 9
5 20 26 30
5 20 29 34
5 20 47 38
5 20 13 46
6 41 37 22
6 41 26 30
6 41 38 16
6 41 29 45
6 41 32 43
6 41 1 13
6 41 29 34
6 41 16 22
6 43 37 45
6 43 42 9
6 43 13 46
6 43 47 33
6 43 29 45
6 43 13 45
6 43 43 8
6 43 47 38
6 43 38 26
6 43 10 25
6 43 38 16
6 43 11 16
6 43 2 27
6 43 18 28
6 43 18 42
6 43 47 18
6 43 11 41
6 43 14 48
6 43 43 47
6 43 5 20
6 43 35 10
6 43 44 28
6 43 16 44
6 43 1 32
6 43 47 1
6 43 18 35
6 43 22 47
6 43 27 14
6 43 9 17
6 43 28 14
6 43 24 42
6 43 19 25
6 43 15 45
6 43 23 45
6 43 31 7
6 43 32 17
6 28 32 17
6 28 18 35
6 28 29 45
6 28 17 46
6 46 39 0
6 46 30 25
6 46 43 22
6 46 42 10
6 46 37 27
6 46 7 25
6 46 21 48
6 46 18 28
6 46 10 15
6 46 44 36
6 18 38 42
6 18 47 1
6 18 6 41
6 18 47 48
6 18 37 31
6 18 20 26
6 18 9 25
6 18 0 49
6 18 13 45
6 18 44 17
6 18 34 10
6 17 47 1
6 17 29 37
6 17 7 33
6 17 17 35
6 17 42 1
6 17 5 48
6 17 11 2
6 17 13 45
6 17 0 49
6 17 38 42
6 17 23 45
6 17 8 48
6 17 8 9
6 17 44 4
6 17 37 22
6 17 10 45
6 17 0 31
6 17 6 43
6 17 35 27
6 32 43 27
6 32 37 22
6 32 15 29
6 32 28 14
6 32 1 25
6 32 46 32
6 32 42 10
6 32 5 38
6 32 49 3
6 32 43 47
6 32 14 25
6 32 41 28
6 32 24 32
6 32 28 5
6 32 47 18
6 32 4 0
6 32 30 31
6 32 32 11
6 32 6 43
6 32 23 31
6 32 15 19
6 32 14 15
6 32 22 28
6 32 35 27
6 32 1 45
6 32 18 28
6 32 44 14
7 25 44 24
7 25 47 16
7 25 49 45
7 25 14 9
7 25 43 47
7 25 12 32
7 25 23 16
7 25 6 43
7 25 29 34
7 25 9 45
7 25 8 28
7 25 5 20
7 33 49 23
7 33 44 40
7 33 31 7
7 33 15 48
7 33 22 28
7 33 10 4
7 33 6 41
7 33 42 9
7 33 33 8
7 33 44 17
7 33 24 42
7 33 11 41
7 33 47 6
7 33 32 17
7 33 8 28
7 33 49 20
7 33 46 42
7 33 41 28
7 33 11 16
7 33 44 14
7 33 34 2
7 33 46 37
7 33 28 14
7 33 26 30
7 40 23 44
7 40 11 41
7 40 31 16
7 40 16 22
7 40 8 9
23 44 30 31
23 44 47 48
23 44 41 28
23 44 47 1
23 44 6 41
23 44 46 11
23 44 37 31
23 44 24 32
23 44 44 24
23 44 46 37
23 44 8 28
23 44 6 17
23 44 35 5
23 44 29 37
23 44 15 25
23 44 13 27
23 44 10 4
23 44 11 41
23 44 24 42
23 44 38 21
23 44 5 33
23 44 37 27
23 44 10 45
23 44 6 43
23 44 43 11
8 48 25 45
8 48 32 43
8 48 18 35
8 28 46 42
8 28 46 11
8 28 37 31
8 28 25 45
8 28 44 4
8 28 31 7
8 28 0 31
8 28 18 17
8 28 11 16
8 28 44 17
8 28 15 48
8 28 13 43
8 28 15 45
8 28 44 14
8 28 23 45
8 28 24 32
8 28 9 29
8 28 1 38
8 28 45 4
8 28 23 31
8 28 21 48
8 9 21 45
8 9 29 45
8 9 0 37
8 9 30 31
8 9 13 42
8 9 8 48
8 9 20 35
8 9 38 42
8 9 31 12
8 9 37 22
8 9 27 14
8 9 18 17
8 9 47 33
8 9 3 27
8 9 24 29
8 9 29 34
8 9 6 43
8 9 17 42
8 9 32 11
8 9 42 10
8 9 10 45
8 9 31 16
8 9 19 25
8 9 20 15
8 9 15 19
8 9 2 39
8 9 15 29
8 9 1 32
8 9 11 35
8 9 12 32
21 45 42 9
21 45 49 20
21 45 37 27
21 45 49 9
21 45 13 26
21 45 43 19
21 45 3 35
21 45 49 45
21 45 23 12
21 45 47 38
21 45 43 8
21 45 10 25
21 45 13 43
21 45 38 42
21 45 41 28
21 45 8 28
21 45 2 27
21 45 12 40
21 45 6 17
21 45 24 32
21 45 24 10
21 45 10 45
21 45 29 37
21 45 18 28
21 45 4 35
21 45 44 24
21 45 15 19
21 45 1 38
21 45 0 31
21 45 24 37
21 45 22 30
21 45 47 16
21 45 32 17
21 45 34 10
21 45 0 37
21 45 20 35
21 45 6 28
21 45 16 15
21 45 24 31
21 45 28 5
21 45 10 15
21 45 1 45
9 25 24 10
9 25 29 34
9 25 32 43
9 25 17 35
9 25 0 37
9 25 4 0
9 25 9 45
9 25 16 32
9 25 10 4
9 25 13 45
9 25 4 49
9 25 43 8
9 25 21 41
9 25 43 19
9 25 3 27
9 25 49 9
9 25 33 8
9 25 2 1
9 25 22 12
9 25 46 37
9 25 20 15
9 25 24 32
9 25 44 40
9 25 12 32
9 25 10 15
9 25 44 4
9 25 15 29
9 25 29 37
9 25 31 16
9 25 49 20
9 25 13 46
9 45 49 23
9 45 44 40
9 45 6 46
9 45 46 4
9 45 11 41
9 45 28 14
9 45 43 11
9 45 17 35
9 45 13 27
9 45 44 17
9 45 18 35
9 45 1 38
9 45 0 31
9 45 10 25
9 45 24 42
9 45 2 1
9 45 21 45
9 45 37 22
9 45 23 16
9 45 5 48
9 45 5 33
9 45 39 0
9 45 6 41
9 45 3 36
9 45 35 27
9 45 47 33
9 45 42 10
9 45 49 20
9 45 49 6
9 45 24 32
9 45 37 27
9 45 8 48
9 45 22 30
9 17 16 22
9 17 47 38
9 17 29 37
9 17 33 18
9 17 25 45
9 17 34 2
9 17 46 32
9 17 22 30
9 17 13 26
9 17 43 39
9 17 18 17
9 17 15 29
9 17 24 10
9 17 24 29
9 17 38 16
9 17 32 17
9 17 4 25
9 17 3 35
9 17 46 42
9 17 49 23
9 17 7 25
9 17 14 48
9 17 40 21
9 17 4 49
9 17 17 14
9 17 10 1
9 17 3 27
9 17 24 37
9 17 49 20
9 17 0 38
9 17 43 27
9 17 19 5
9 17 13 42
9 17 47 1
9 17 24 32
9 17 47 6
16 22 19 12
16 22 47 6
16 22 46 32
16 22 31 12
16 22 29 5
16 22 0 48
16 22 1 38
16 22 34 10
16 22 37 22
16 22 48 42
16 22 45 4
16 22 1 45
16 22 44 1
16 22 49 6
16 22 6 46
16 22 30 31
16 22 17 14
16 22 37 31
16 22 4 48
16 22 10 4
16 22 18 3
16 22 23 12
16 22 11 2
16 22 35 10
16 22 47 48
16 22 11 35
16 22 43 39
16 22 44 14
16 22 44 28
16 22 37 45
16 22 39 0
16 22 29 34
16 22 22 47
16 22 8 9
16 22 44 17
16 22 9 29
16 22 22 28
16 22 23 31
16 22 6 28
16 22 46 4
19 12 29 5
19 12 42 10
19 12 27 14
19 12 44 36
19 12 16 32
19 12 44 17
19 12 19 5
19 12 42 1
19 12 44 1
19 12 26 30
9 0 22 47
9 0 18 17
9 0 35 27
9 0 3 27
9 0 44 17
9 0 47 6
9 0 2 1
9 0 32 17
9 0 21 9
9 0 24 10
9 0 28 5
9 0 24 30
9 0 24 37
9 0 32 43
9 0 15 25
9 0 14 6
9 0 38 42
9 0 1 6
9 0 44 28
9 0 46 42
9 0 38 16
22 47 26 30
22 47 35 10
22 47 36 1
22 47 46 4
22 47 11 16
22 47 17 35
22 47 44 28
22 47 2 27
22 47 6 46
22 47 13 26
22 47 31 16
9 29 48 42
9 29 44 36
9 29 24 37
9 29 42 1
9 29 37 45
9 29 22 40
9 29 43 27
9 29 35 27
9 29 38 21
9 29 18 42
9 29 11 30
9 29 14 48
9 29 6 41
9 29 43 8
9 29 4 0
9 29 49 23
9 29 38 16
9 29 17 42
9 29 14 25
9 29 10 15
9 29 23 44
9 29 43 22
10 25 39 0
10 25 37 45
10 25 0 31
10 25 24 37
10 25 14 15
10 25 48 42
10 25 43 8
10 25 49 20
10 25 11 30
10 25 23 12
10 25 16 15
10 25 18 3
10 25 17 14
10 25 28 5
10 25 44 40
10 25 1 32
10 25 6 18
10 25 27 14
10 25 38 21
10 25 36 1
10 25 19 5
10 25 43 47
10 25 47 48
10 25 17 42
10 25 37 31
10 25 43 19
10 25 20 15
10 25 10 4
10 25 44 17
10 26 38 42
10 26 47 33
10 26 32 43
10 15 49 20
10 15 43 22
10 15 23 45
10 15 5 33
10 15 10 45
10 15 24 31
10 15 23 31
10 15 13 42
10 15 44 24
10 15 22 30
10 15 2 39
10 15 38 16
10 15 29 45
10 15 13 46
10 15 47 33
10 15 10 25
10 15 11 30
10 15 22 28
10 15 10 1
10 15 2 1
10 15 18 3
10 15 47 18
10 15 39 0
10 15 49 9
10 15 24 42
10 15 49 6
10 15 13 43
10 15 1 6
10 15 11 35
10 1 49 3
10 1 30 31
10 1 15 29
10 1 19 25
10 1 21 9
10 1 37 27
10 1 47 48
10 1 49 20
10 1 4 49
10 1 3 36
10 1 6 41
10 1 13 45
10 1 30 25
10 1 28 14
10 1 19 26
10 1 43 22
10 1 41 28
10 1 21 45
10 1 23 12
10 1 16 44
10 1 5 38
10 1 19 12
10 45 43 27
10 45 49 45
10 45 20 15
10 45 23 16
10 45 5 20
10 45 26 30
10 45 1 25
10 45 7 25
10 45 37 27
10 45 6 41
10 45 43 19
10 45 16 44
10 45 4 35
10 45 2 27
10 45 47 16
10 45 29 37
10 45 44 1
10 45 21 41
10 45 31 7
10 45 13 26
10 45 15 19
10 45 45 19
10 45 14 15
10 45 31 12
10 45 31 16
10 45 47 48
10 45 27 14
10 45 29 5
10 45 5 48
10 45 23 45
10 45 22 40
10 45 11 30
10 45 13 43
10 45 47 1
10 45 10 4
10 4 49 45
10 4 45 19
10 4 24 32
10 4 14 6
10 4 34 10
10 4 6 17
10 4 49 9
10 4 47 18
10 4 38 42
10 4 24 31
10 4 31 7
10 4 31 12
11 35 30 25
22 28 44 40
22 28 47 38
22 28 34 2
22 28 49 3
22 28 39 0
22 28 1 13
22 28 4 49
22 28 14 9
22 28 29 34
22 28 18 35
22 28 19 5
22 28 24 31
22 28 3 35
22 28 1 43
22 28 46 4
22 28 0 38
22 28 6 43
22 28 32 11
22 28 43 39
22 28 14 6
22 28 43 22
22 28 20 35
22 28 0 31
22 28 47 6
22 28 42 9
22 28 23 45
22 28 49 20
22 28 21 41
22 28 27 14
22 28 4 0
11 41 25 45
11 41 47 18
11 41 1 25
11 41 11 2
11 41 49 3
11 41 17 46
11 41 1 43
11 41 47 1
11 41 16 44
11 41 13 27
11 41 35 27
11 41 47 38
11 41 46 37
11 2 42 10
11 2 44 1
11 2 32 43
11 44 37 22
11 44 47 48
11 44 20 30
11 44 39 0
11 44 24 31
11 44 29 37
11 44 1 38
11 44 44 28
11 44 47 1
11 44 44 17
11 44 24 30
11 44 44 36
11 44 30 31
11 16 24 37
11 16 32 17
11 16 24 30
11 30 47 16
11 30 24 10
11 30 29 37
11 30 19 26
11 30 8 28
11 30 34 10
11 30 44 28
11 30 21 45
11 30 45 19
11 30 22 47
11 30 30 25
11 30 15 25
11 30 2 39
11 30 3 27
11 30 38 21
11 30 14 6
11 30 4 25
11 30 32 17
11 30 32 43
11 30 24 31
11 30 38 26
11 30 17 42
11 30 44 17
11 30 24 30
11 30 14 48
11 30 49 9
11 30 46 42
11 30 10 1
12 40 44 28
12 40 24 37
12 40 42 1
12 40 1 6
12 40 31 7
12 40 34 10
12 40 39 0
12 40 27 14
12 40 9 29
12 36 44 28
12 36 49 3
12 36 6 43
12 36 34 2
12 36 1 32
12 36 24 42
12 36 47 1
12 36 10 4
12 36 30 31
12 36 12 32
12 36 13 43
12 36 24 10
12 36 22 45
12 36 47 16
12 36 14 25
12 36 15 19
12 32 47 18
12 32 47 16
12 32 43 8
12 32 31 16
12 32 33 8
12 32 17 46
12 32 42 10
12 32 6 18
12 32 16 32
13 45 47 1
13 45 38 21
13 45 22 47
13 45 5 38
13 45 24 30
13 45 21 45
13 45 2 39
13 45 43 19
13 45 24 29
13 45 43 39
13 45 10 26
13 45 47 33
13 45 47 18
13 45 20 26
13 45 13 42
13 45 27 14
13 45 19 12
13 45 15 29
13 45 30 25
13 45 17 35
13 45 23 31
13 45 1 25
13 45 40 21
13 45 42 9
13 45 4 49
13 46 37 22
13 46 33 18
13 46 11 16
13 46 5 30
13 46 27 14
13 46 7 25
13 46 44 28
13 46 29 45
13 46 21 48
13 46 22 30
13 46 44 40
13 46 22 47
13 42 47 18
13 42 42 9
13 42 45 4
13 42 9 45
13 42 29 34
13 42 10 25
13 42 38 26
13 42 1 25
13 42 2 1
13 42 31 32
13 42 25 45
13 42 1 38
13 42 16 44
13 42 6 43
13 42 48 42
13 42 29 5
13 42 42 1
13 42 6 28
13 42 44 4
13 42 22 12
13 42 16 22
13 42 15 45
13 42 14 9
13 42 1 6
13 42 5 30
13 42 33 8
13 26 42 1
13 26 31 32
13 26 14 48
13 26 10 25
13 26 46 4
13 26 44 1
13 26 7 40
13 26 38 42
13 26 5 48
13 26 15 45
13 26 38 26
13 26 23 45
13 26 1 43
13 26 41 28
13 26 10 1
13 26 3 27
13 26 24 32
13 26 44 17
13 26 24 34
13 27 29 45
13 27 38 21
13 27 15 48
13 27 12 32
13 27 32 17
13 27 18 34
13 27 32 11
13 27 49 20
13 27 8 28
13 27 5 30
13 27 43 19
13 27 6 41
13 27 18 35
13 27 22 30
13 27 37 31
13 27 43 11
13 27 11 44
13 27 43 39
13 27 1 13
13 27 33 8
13 27 13 42
13 27 45 19
13 27 16 32
13 27 45 4
13 27 0 37
13 27 47 6
13 27 14 48
13 27 14 25
13 27 44 40
13 27 37 22
13 27 47 33
13 27 0 48
13 27 49 6
13 27 15 45
13 27 44 28
13 27 47 1
13 27 5 48
13 27 22 28
13 27 33 18
13 43 37 27
13 43 34 2
13 43 26 30
13 43 49 3
13 43 46 42
13 43 22 45
13 43 18 17
13 43 29 5
13 43 31 16
13 43 46 4
13 43 49 45
13 43 47 48
13 43 22 47
13 43 44 36
13 43 49 6
13 43 32 17
13 43 19 25
13 43 31 12
13 43 16 44
13 43 29 45
13 43 17 14
13 43 14 9
13 43 6 32
13 43 43 8
13 43 20 35
13 43 17 46
13 43 45 4
14 25 22 45
14 25 49 23
14 25 8 9
14 25 13 43
14 25 16 44
14 25 2 39
14 25 42 9
14 25 24 34
14 25 44 24
14 25 48 42
14 25 16 32
14 25 15 19
14 25 15 25
14 25 45 4
14 25 6 41
14 25 44 14
14 25 19 26
14 25 47 1
14 25 1 25
14 25 32 11
14 25 5 20
14 25 1 13
14 25 44 1
14 25 28 5
14 25 3 35
14 25 49 6
14 25 6 43
14 25 13 26
14 25 47 11
14 25 14 48
14 25 46 32
14 25 44 17
22 45 25 45
22 45 34 10
22 45 49 23
22 45 4 0
22 45 37 45
22 45 29 45
22 45 11 16
22 45 49 9
22 45 10 45
22 45 20 26
22 45 13 27
22 45 31 16
22 45 6 43
22 45 23 44
14 48 43 11
14 48 45 4
14 48 10 25
14 48 5 20
14 48 33 18
14 48 4 49
14 48 1 38
14 48 47 1
14 48 43 22
14 48 43 8
14 48 11 44
14 48 15 45
14 48 7 33
14 48 23 45
14 48 31 7
14 48 18 34
14 48 32 11
14 48 47 11
14 48 23 16
14 48 35 27
14 48 13 46
14 9 44 24
14 9 49 6
14 9 11 30
14 9 18 35
14 9 31 12
14 9 0 49
14 9 12 32
14 9 18 28
14 9 34 10
14 9 31 16
14 9 27 14
14 9 26 30
14 9 6 32
14 9 28 14
14 9 29 45
14 9 43 47
14 9 23 12
14 6 24 37
14 6 31 12
14 6 47 48
14 6 0 49
14 6 22 40
14 6 15 19
14 6 32 17
14 6 11 35
14 6 0 31
14 6 13 27
14 6 10 15
14 6 44 1
14 6 13 43
14 6 0 38
14 6 8 28
14 6 6 18
14 6 35 38
14 6 49 23
14 6 10 1
14 6 49 20
14 6 24 31
14 6 13 42
14 6 18 28
14 6 16 44
14 6 18 35
14 6 35 27
14 6 43 47
14 6 8 9
14 6 5 30
14 6 28 14
14 15 31 16
14 15 47 16
14 15 23 44
14 15 17 35
14 15 31 32
14 15 7 33
14 15 0 31
14 15 30 25
14 15 21 9
14 15 8 9
14 15 35 38
14 15 37 45
14 15 6 41
14 15 35 5
14 15 3 36
14 15 23 16
14 15 13 46
14 15 13 43
14 15 42 10
14 15 27 14
14 15 5 30
14 15 17 14
14 15 47 18
14 15 13 45
15 25 22 12
15 25 6 41
15 25 14 48
15 25 16 22
15 25 47 33
15 25 11 35
15 25 12 32
15 25 23 12
15 25 43 22
15 25 6 43
15 25 42 9
15 25 10 4
15 25 31 12
15 25 19 5
15 25 47 1
15 25 23 16
15 25 24 29
15 25 23 45
22 12 49 20
22 12 31 32
22 12 25 45
22 12 43 11
22 12 4 49
22 12 6 41
22 12 9 0
22 12 11 35
22 12 20 26
22 12 13 26
22 12 17 14
22 12 21 9
22 12 7 25
22 12 32 43
22 12 35 10
22 12 44 14
22 12 4 0
22 12 13 43
22 12 5 48
22 12 42 1
15 45 28 14
15 45 43 39
15 45 2 39
15 45 2 1
15 45 9 0
15 48 23 31
15 48 18 42
15 48 23 12
15 48 5 38
15 48 15 25
15 48 1 32
15 48 8 48
15 48 23 16
15 48 30 25
15 48 24 30
15 48 3 35
15 48 10 15
15 48 29 5
15 48 9 25
15 48 19 26
15 48 24 37
15 48 12 32
15 48 44 28
15 48 6 28
15 48 2 39
15 48 49 6
15 48 10 4
15 48 49 9
15 48 14 48
20 15 30 25
20 15 25 45
20 15 44 14
20 15 44 4
20 15 39 0
20 15 29 34
20 15 18 42
20 15 43 22
20 15 32 43
20 15 10 1
20 15 6 43
20 15 18 3
20 15 38 21
20 15 16 22
20 15 5 20
20 15 24 37
20 15 5 38
20 15 44 28
20 15 14 25
20 15 13 26
20 15 47 33
20 15 49 6
20 15 31 32
20 15 37 31
20 15 13 46
20 15 19 25
20 15 21 45
20 15 17 46
23 31 20 15
23 31 38 42
23 31 35 10
23 31 44 17
23 31 27 14
23 31 39 0
23 31 0 38
23 31 30 31
23 31 26 30
15 19 35 10
15 19 19 5
15 29 17 42
15 29 43 22
17 42 44 4
17 42 32 43
17 42 47 16
17 42 48 42
17 42 11 35
17 42 31 12
17 42 11 2
17 42 28 14
17 42 41 28
17 42 6 32
17 42 22 12
17 42 1 25
17 42 23 16
17 42 34 2
17 42 22 30
17 42 31 7
16 44 35 10
16 44 35 5
16 44 44 40
16 44 6 17
16 44 44 36
16 44 49 6
16 44 9 45
16 44 4 25
16 44 26 30
16 32 28 14
16 32 44 1
16 32 21 45
16 32 22 47
16 32 4 48
16 32 3 36
16 32 42 1
16 32 20 30
16 32 37 22
16 32 24 34
16 32 3 27
16 32 15 25
16 32 43 22
16 32 11 41
16 32 20 26
16 32 10 26
16 32 8 28
16 32 19 26
16 32 23 12
16 15 47 48
16 15 44 14
16 15 28 5
16 15 29 37
16 15 29 34
16 15 31 7
16 15 32 11
16 15 33 18
16 15 33 8
16 15 34 10
16 15 34 2
16 15 35 5
16 15 35 27
16 15 36 1
16 15 37 31
16 15 38 21
16 15 40 21
16 15 41 28
16 15 43 8
16 15 43 47
16 15 43 22
16 15 43 19
16 15 44 17
16 15 44 36
16 15 45 19
16 15 46 11
16 15 46 37
16 15 46 4
16 15 46 32
16 15 47 38
16 15 47 6
16 15 47 11
16 15 49 6
16 15 17 35
16 15 44 24
16 15 5 30
16 15 2 27
16 15 44 4
16 15 49 20
16 15 49 3
16 15 6 28
24 37 5 20
24 37 4 48
24 37 13 27
24 37 3 35
24 37 23 16
24 37 13 46
24 37 14 9
24 37 1 38
24 37 34 10
24 37 32 43
24 37 14 48
24 37 15 29
24 37 44 14
24 37 44 1
24 37 42 10
24 37 6 28
24 37 21 9
24 37 35 27
24 37 45 4
24 37 35 10
24 37 4 0
24 37 49 23
24 37 20 30
24 37 37 27
24 37 10 4
24 37 1 25
24 37 43 27
24 37 47 38
24 37 21 41
24 37 15 25
24 37 30 25
24 37 17 35
24 37 1 43
24 37 2 27
24 10 43 22
24 10 13 42
24 10 18 42
24 10 47 11
24 10 1 38
24 10 45 4
24 10 13 46
24 10 19 12
24 10 14 25
24 10 11 41
24 10 8 9
24 10 49 45
24 10 20 30
24 10 31 32
24 10 14 48
24 10 20 15
24 10 5 20
24 10 10 4
24 10 10 15
24 10 1 6
24 10 49 9
24 10 44 36
24 10 10 1
24 10 8 48
24 10 5 48
25 45 1 25
26 30 2 27
26 30 6 17
26 30 44 14
26 30 4 35
26 30 18 3
26 30 43 22
26 30 49 6
26 30 39 0
26 30 49 45
26 30 24 42
26 30 16 32
26 30 29 37
26 30 49 20
26 30 3 35
26 30 7 25
26 30 34 10
26 30 31 32
26 30 37 22
26 30 24 31
26 30 36 1
26 30 43 19
26 30 33 8
27 14 3 27
27 14 0 48
27 14 15 25
27 14 19 26
27 14 49 9
27 14 14 48
27 14 3 35
27 14 0 31
27 14 6 46
27 14 44 36
27 14 8 28
27 14 44 14
27 14 16 44
27 14 6 28
27 14 6 41
27 14 16 22
27 14 22 40
27 14 2 27
28 14 29 45
28 5 0 48
28 5 43 47
28 5 43 27
28 5 21 48
28 5 43 11
28 5 33 8
28 5 20 26
28 5 6 18
28 5 43 39
28 5 24 37
28 5 22 30
28 5 16 44
28 5 26 30
28 5 4 49
28 5 13 45
28 5 45 4
28 5 8 28
28 5 38 26
28 5 37 31
29 45 44 40
29 45 33 8
29 45 19 12
29 45 44 24
29 45 39 0
29 45 43 8
29 45 11 35
29 45 0 38
29 45 20 35
29 45 21 48
29 45 21 45
29 45 11 30
29 45 47 16
29 45 47 11
29 45 32 43
29 45 24 42
29 37 23 45
29 37 38 16
29 37 10 4
29 37 15 29
29 37 3 27
29 37 15 25
29 37 27 14
29 37 29 45
29 37 30 25
29 37 18 42
29 37 9 29
29 37 42 1
29 37 6 28
29 37 45 4
29 5 22 30
29 5 44 36
29 5 24 42
29 5 10 15
29 5 20 15
29 5 18 34
29 5 43 11
29 5 32 11
29 5 10 26
29 5 11 35
29 5 15 19
29 5 12 36
29 5 4 48
29 34 44 36
29 34 49 23
29 34 38 16
29 34 14 48
29 34 1 6
29 34 44 4
29 34 37 27
29 34 36 1
29 34 44 17
29 34 5 33
29 34 31 16
29 34 44 40
29 34 8 48
29 34 46 37
29 34 7 40
29 34 13 45
29 34 4 49
29 34 14 9
29 34 23 45
29 34 32 43
29 34 49 9
30 25 11 44
30 25 4 25
30 25 47 6
30 25 23 45
30 25 2 39
30 25 43 8
30 25 32 17
30 25 8 9
30 25 4 49
30 25 1 6
30 25 49 9
30 25 4 35
30 25 13 27
30 25 0 48
30 25 6 41
30 25 24 32
30 25 21 41
30 25 29 45
30 25 22 12
30 25 48 42
30 25 21 48
30 25 1 45
30 25 16 32
30 25 29 34
30 25 7 40
30 25 10 4
30 25 47 1
30 25 18 42
30 31 47 6
30 31 16 44
30 31 46 11
30 31 33 8
30 31 38 42
30 31 20 35
30 31 43 11
30 31 10 15
30 31 43 47
30 31 9 29
30 31 21 48
30 31 41 28
31 12 15 48
31 12 1 13
31 12 8 48
31 12 45 4
31 12 49 3
31 12 39 0
31 12 21 9
31 12 19 12
31 12 5 38
31 12 10 15
31 12 3 35
31 12 6 43
31 12 47 48
31 12 18 3
31 12 24 37
31 12 22 12
31 12 41 28
31 12 2 27
31 12 11 35
31 12 9 0
31 12 13 26
31 12 47 18
31 12 11 44
31 12 30 25
31 12 31 7
31 12 22 28
31 16 1 43
31 16 31 7
31 16 18 34
31 16 10 26
31 16 34 2
31 16 2 27
31 16 25 45
31 16 15 29
31 16 1 6
31 16 0 38
31 16 32 43
31 16 21 45
31 16 17 46
31 16 32 11
31 16 23 45
31 16 16 32
31 16 18 42
31 16 49 23
31 16 47 33
31 16 6 17
31 32 35 10
31 32 11 44
31 32 34 2
31 32 20 35
31 32 47 16
31 32 29 5
31 32 5 30
31 32 49 6
31 32 11 35
31 32 47 6
31 32 14 9
31 32 10 45
31 32 17 14
31 32 16 32
31 32 23 44
31 32 38 42
31 32 10 15
31 32 3 27
31 32 23 31
31 32 46 32
31 32 30 31
31 32 18 17
31 32 21 45
31 7 8 9
31 7 40 21
31 7 11 16
31 7 4 0
31 7 1 6
31 7 49 6
31 7 11 41
31 7 2 39
31 7 9 45
31 7 6 28
31 7 28 5
31 7 19 12
32 43 46 4
32 43 15 25
32 43 39 0
32 43 23 16
32 43 43 11
32 43 9 45
32 43 28 14
32 43 14 9
32 11 34 10
32 11 15 45
32 11 44 28
32 11 42 10
32 11 14 15
32 11 30 25
32 11 47 16
32 11 43 27
32 11 41 28
32 11 22 45
32 11 5 30
32 11 24 37
32 11 48 42
32 11 44 24
32 11 24 32
32 11 13 46
32 11 1 25
32 11 10 25
32 11 28 5
32 11 6 46
32 11 44 36
32 11 46 37
32 11 23 16
32 11 8 28
32 11 47 6
32 11 22 12
32 11 49 9
32 11 30 31
32 11 47 33
32 11 43 11
32 11 6 41
32 11 21 9
32 11 3 36
32 17 38 42
32 17 8 28
32 17 45 19
32 17 43 47
32 17 9 29
32 17 3 27
32 17 0 49
32 17 14 15
32 17 0 48
32 17 31 12
32 17 48 42
33 18 10 45
33 18 1 32
33 18 46 37
33 18 11 44
33 18 45 19
33 18 44 17
33 18 24 32
33 18 13 42
33 18 10 1
33 18 21 48
33 18 29 34
33 18 3 36
33 18 36 1
33 18 9 25
33 18 49 3
33 18 49 9
33 18 8 48
33 18 5 20
33 18 23 31
33 18 28 5
33 18 2 27
33 18 49 45
33 18 47 16
33 8 24 30
33 8 35 38
33 8 10 1
33 8 0 48
33 8 44 28
33 8 0 31
33 8 4 25
33 8 9 29
33 8 46 42
33 8 49 6
33 8 17 46
33 8 24 37
33 8 44 36
33 8 32 11
33 8 49 3
33 8 10 15
33 8 11 35
33 8 37 31
33 8 8 28
33 8 13 26
33 8 47 6
33 8 4 0
33 8 2 39
34 10 16 44
34 10 15 48
34 10 0 48
34 10 43 47
34 2 43 8
34 2 44 36
34 2 47 1
34 2 47 11
34 2 4 35
34 2 14 25
34 2 33 18
34 2 18 28
34 2 13 26
35 38 10 15
35 38 32 17
35 38 20 26
35 38 45 19
35 38 29 37
35 38 32 43
35 38 16 22
35 38 30 25
35 38 24 37
35 38 47 16
35 38 4 35
35 38 14 48
35 38 10 1
35 38 20 15
35 38 10 25
35 10 32 11
35 10 10 1
35 10 46 42
35 10 34 2
35 10 20 15
35 5 46 42
35 5 31 16
35 5 8 9
35 5 22 40
35 5 4 49
35 5 49 9
35 5 0 48
35 5 14 6
35 5 17 14
35 5 18 35
35 5 13 27
35 5 12 40
35 5 32 11
35 5 11 2
35 5 14 25
35 5 46 32
35 5 11 44
35 5 24 31
35 5 34 10
35 5 21 41
35 5 29 5
35 5 2 1
35 5 12 36
35 27 37 22
35 27 3 35
35 27 47 6
35 27 4 35
35 27 22 47
35 27 30 31
35 27 18 17
35 27 1 13
35 27 15 25
35 27 29 34
35 27 47 16
35 27 13 26
35 27 15 48
35 27 10 25
35 27 15 45
35 27 24 32
35 27 8 48
35 27 11 30
35 27 12 36
35 27 44 40
35 27 44 24
35 27 39 0
35 27 44 28
35 27 21 48
37 31 47 11
37 31 5 20
37 31 45 19
37 31 15 45
37 31 44 24
37 31 37 27
37 31 33 18
37 31 43 27
37 27 35 38
37 27 35 10
37 27 11 44
37 27 2 39
37 27 22 45
37 27 2 1
37 27 9 17
37 27 42 9
37 27 30 25
37 27 6 32
37 27 20 26
37 27 17 42
37 27 13 27
37 27 29 45
37 27 45 4
37 27 17 46
37 27 47 33
37 27 28 5
37 27 12 36
37 27 5 48
37 27 6 41
37 27 17 14
37 27 38 42
37 27 31 12
37 27 5 33
37 27 33 18
37 27 47 1
37 27 30 31
37 27 24 30
37 27 43 47
37 27 42 1
37 27 3 36
37 27 46 4
37 27 42 10
37 27 19 25
37 27 31 16
37 27 47 11
37 22 4 49
37 22 21 45
37 22 43 39
37 22 11 41
37 22 20 15
37 22 12 32
37 22 35 38
37 22 0 38
37 22 1 6
37 22 6 43
37 22 25 45
37 22 46 4
37 22 27 14
37 22 38 42
37 22 21 9
37 22 10 25
37 22 23 45
37 22 3 35
37 22 38 26
37 22 38 21
37 22 44 17
37 22 15 19
37 22 46 32
37 22 1 13
37 22 49 9
37 22 37 31
37 45 42 1
37 45 21 9
37 45 6 46
37 45 29 37
37 45 19 5
37 45 44 24
37 45 11 30
37 45 31 7
37 45 43 11
37 45 7 33
37 45 4 35
37 45 34 10
37 45 10 26
37 45 32 43
37 45 1 45
37 45 43 19
37 45 11 41
37 45 3 36
37 45 24 37
37 45 6 18
37 45 4 49
37 45 13 45
37 45 5 30
37 45 16 32
37 45 37 31
37 45 18 42
37 45 45 4
37 45 47 6
37 45 43 22
37 45 0 38
37 45 32 11
37 45 42 9
38 26 9 17
38 26 6 46
38 26 36 1
38 26 14 6
38 26 22 47
38 26 5 30
38 26 21 45
38 26 47 18
38 26 9 45
38 26 18 3
38 26 43 39
38 26 19 26
38 26 18 35
38 26 11 41
38 26 15 48
38 26 15 45
38 26 17 42
38 26 1 43
38 26 14 9
38 26 8 9
38 26 26 30
38 26 47 38
38 26 19 12
38 26 1 13
38 42 6 41
38 42 31 7
38 42 42 9
38 42 11 30
38 42 3 36
38 42 23 12
38 42 6 28
38 42 24 31
38 42 28 5
38 42 14 9
38 42 15 45
38 42 9 45
38 42 46 11
38 42 40 21
38 42 13 27
38 42 7 33
38 42 13 46
38 42 14 15
38 42 6 32
38 42 1 43
38 42 49 9
38 21 21 45
38 21 24 37
38 21 14 9
38 21 35 5
38 21 37 45
38 21 2 39
38 21 18 35
38 21 3 35
38 21 13 43
38 21 26 30
38 21 44 24
38 21 17 14
38 21 45 4
38 21 7 40
38 21 9 45
38 21 19 5
38 21 18 42
38 21 4 35
38 21 44 36
38 21 1 32
38 21 49 3
38 21 22 12
38 16 47 48
38 16 47 38
38 16 19 26
38 16 38 21
38 16 37 45
38 16 43 19
38 16 22 30
38 16 29 5
39 0 28 14
39 0 46 11
39 0 0 37
39 0 38 26
39 0 10 4
39 0 10 45
39 0 18 42
39 0 49 20
39 0 13 43
39 0 13 26
39 0 38 42
39 0 10 1
39 0 35 5
39 0 8 28
39 0 38 21
39 0 0 31
39 0 24 37
39 0 1 45
39 0 41 28
39 0 40 21
39 0 44 28
39 0 30 25
39 0 42 9
39 0 21 9
39 0 22 40
39 0 49 9
39 0 5 38
39 0 12 36
39 0 8 9
39 0 43 19
39 0 37 27
39 0 37 31
39 0 19 25
39 0 17 46
40 21 44 40
41 28 6 28
41 28 22 28
41 28 28 5
41 28 11 41
41 28 4 35
41 28 16 32
41 28 12 40
41 28 1 43
41 28 27 14
41 28 37 27
41 28 21 9
41 28 6 43
41 28 23 16
41 28 3 27
41 28 4 48
41 28 42 9
41 28 6 41
41 28 47 38
41 28 40 21
41 28 47 18
41 28 14 48
41 28 35 10
41 28 44 4
41 28 11 44
41 28 43 8
41 28 6 46
41 28 1 6
41 28 47 6
41 28 18 35
41 28 2 27
41 28 22 12
41 28 45 19
42 1 33 18
42 1 48 42
42 1 1 6
42 1 24 10
42 1 1 32
42 1 49 9
42 1 13 46
42 1 38 42
42 1 21 48
42 1 42 10
42 1 33 8
42 1 14 25
42 1 44 40
42 1 24 31
42 1 44 14
42 1 5 33
42 1 23 31
42 1 11 41
42 1 9 45
42 1 20 35
42 1 49 23
42 1 16 15
42 1 47 33
42 1 9 17
42 1 0 49
42 1 11 16
42 1 49 3
42 1 9 0
42 1 11 30
42 1 6 28
42 10 33 18
42 10 44 4
42 10 48 42
42 10 9 25
42 10 11 35
42 10 12 36
42 10 22 40
42 10 49 3
42 10 21 41
42 10 15 25
42 10 39 0
42 10 45 4
42 10 34 10
42 10 6 17
42 10 4 0
42 10 13 43
42 10 14 48
42 10 6 18
42 10 30 25
42 10 13 42
42 10 5 38
42 10 15 29
42 10 10 26
42 10 30 31
42 9 4 49
42 9 16 15
42 9 24 37
42 9 10 45
42 9 29 34
42 9 29 45
42 9 48 42
43 8 33 18
43 8 44 4
43 8 16 32
43 8 4 0
43 8 45 19
43 8 15 25
43 39 12 36
43 39 27 14
43 39 29 5
43 47 2 1
43 47 47 1
43 47 49 45
43 22 36 1
43 22 38 21
43 22 18 28
43 22 6 43
43 22 44 14
43 22 20 30
43 22 27 14
43 22 25 45
43 22 46 42
43 22 4 49
43 22 21 9
43 22 22 40
43 22 5 20
43 22 1 45
43 22 40 21
43 22 43 19
43 22 34 2
43 22 43 47
43 22 41 28
43 22 8 48
43 22 49 3
43 22 1 38
43 22 0 37
43 22 8 9
43 22 44 24
43 22 6 17
43 22 47 1
43 22 14 9
43 22 42 10
43 22 3 35
43 22 47 16
43 22 19 25
43 22 31 7
43 27 42 9
43 19 24 30
43 19 2 1
43 19 31 32
43 19 17 42
43 19 16 32
43 19 22 28
43 19 24 31
43 11 24 29
43 11 46 37
43 11 35 27
44 17 2 1
44 17 47 33
44 17 33 8
44 17 19 26
44 17 39 0
44 17 42 9
44 17 23 16
44 1 49 6
44 1 46 32
44 1 35 5
44 1 43 22
44 1 1 13
44 1 36 1
44 4 47 38
44 4 46 37
44 4 31 12
44 4 47 1
44 4 47 6
44 4 45 4
44 4 2 39
44 4 47 48
44 4 47 33
44 4 4 0
44 4 38 42
44 4 48 42
44 40 6 43
44 40 10 26
44 40 15 45
44 40 28 14
44 40 2 1
44 40 0 49
44 28 36 1
44 28 18 28
44 28 18 3
44 28 27 14
44 28 10 1
44 28 18 42
44 28 7 33
44 28 29 45
44 28 2 27
44 28 25 45
44 28 29 34
44 28 16 32
44 28 23 16
44 28 9 45
44 28 17 14
44 28 9 17
44 28 24 29
44 28 24 42
44 28 3 36
44 28 6 17
44 28 0 38
44 28 11 35
44 28 15 45
44 28 9 25
44 28 4 0
44 28 3 27
44 28 38 26
44 14 11 16
44 14 19 25
44 14 10 45
44 14 33 8
44 14 23 44
44 14 31 12
44 14 32 43
44 14 29 5
44 14 10 15
44 14 45 19
44 36 37 31
44 36 7 33
44 36 22 28
44 36 42 1
44 36 6 17
44 36 30 25
44 36 47 16
44 36 15 29
44 36 38 26
44 36 1 6
44 36 22 40
44 36 22 30
44 36 47 33
44 36 5 48
44 36 42 9
44 36 24 34
44 36 13 42
44 36 0 38
44 24 10 26
44 24 22 45
44 24 46 32
44 24 43 47
44 24 19 12
44 24 19 5
44 24 49 20
44 24 26 30
44 24 2 1
44 24 22 28
44 24 47 16
44 24 10 1
44 24 15 29
44 24 24 37
44 24 34 2
44 24 11 41
44 24 44 28
44 24 37 22
44 24 47 38
44 24 15 19
44 24 24 42
44 24 10 45
44 24 11 2
44 24 16 22
44 24 31 7
44 24 11 44
44 24 18 28
44 24 43 27
44 24 10 4
44 24 40 21
44 24 47 11
44 24 35 38
44 24 1 38
44 24 3 35
44 24 43 8
44 24 38 26
44 24 17 35
45 19 46 42
45 19 46 32
45 19 19 25
45 19 1 25
45 19 9 25
45 19 38 42
45 19 22 30
45 19 14 15
45 19 9 0
45 19 18 28
45 19 26 30
45 19 10 1
45 19 27 14
45 19 13 42
45 19 23 45
45 19 35 10
45 19 16 22
45 19 28 14
45 19 46 37
45 19 5 30
45 19 17 42
45 19 32 43
45 19 11 2
45 19 9 45
45 19 29 37
45 19 38 21
45 19 22 28
45 19 11 16
45 19 47 16
45 19 44 4
45 19 46 4
45 19 13 45
45 19 35 5
45 19 10 15
45 19 42 1
45 4 24 31
45 4 2 1
45 4 0 38
46 11 21 45
46 11 28 5
46 11 37 27
46 11 44 14
46 11 46 42
46 11 43 11
46 11 31 7
46 11 17 35
46 11 44 1
46 11 17 42
46 11 46 32
46 11 21 9
46 11 44 40
46 11 15 48
46 11 13 43
46 11 10 4
46 11 31 16
46 11 20 26
46 11 5 33
46 11 10 15
46 11 2 27
46 11 26 30
46 11 18 35
46 11 49 3
46 11 15 45
46 11 16 44
46 11 34 10
46 11 1 38
46 11 18 42
46 11 49 9
46 11 48 42
46 11 25 45
46 11 0 48
46 11 19 12
46 11 23 45
46 11 2 1
46 11 41 28
46 11 37 45
46 37 0 48
46 37 32 43
46 37 6 41
46 37 20 26
46 37 42 10
46 37 15 19
46 37 0 49
46 4 19 26
46 4 38 26
46 4 34 10
46 4 20 15
46 4 6 17
46 32 1 45
46 32 49 6
46 32 38 21
46 42 47 1
46 42 9 45
46 42 44 1
46 42 44 17
46 42 8 48
46 42 14 6
46 42 2 39
46 42 47 18
46 42 47 6
46 42 17 14
46 42 29 5
46 42 11 2
46 42 12 32
46 42 44 40
46 42 31 32
46 42 28 5
46 42 42 10
46 42 16 15
46 42 38 21
46 42 30 25
46 42 24 34
46 42 32 17
46 42 39 0
46 42 18 17
46 42 20 26
47 16 46 4
47 16 5 38
47 16 17 14
47 16 10 25
47 16 11 35
47 16 23 31
47 16 38 16
47 38 22 45
47 38 13 26
47 38 7 25
47 38 0 48
47 38 26 30
47 38 39 0
47 38 3 36
47 38 44 1
47 38 30 25
47 38 38 42
47 38 37 27
47 38 22 40
47 48 9 17
47 48 29 5
47 48 21 48
47 48 49 23
47 48 44 14
47 48 33 8
47 48 49 45
47 48 10 4
47 48 44 24
47 48 30 31
47 48 35 10
47 1 46 4
47 1 22 47
47 1 24 30
47 1 10 1
47 1 5 20
47 1 34 10
47 1 15 19
47 1 13 43
47 1 35 5
47 1 2 1
47 1 23 12
47 1 13 26
47 1 0 38
47 1 49 6
47 1 10 25
47 1 22 45
47 1 14 6
47 1 24 29
47 1 43 39
47 1 42 9
47 6 17 46
47 6 49 23
47 6 39 0
47 6 3 35
47 6 8 28
47 6 33 18
47 6 21 48
47 6 24 32
47 6 21 41
47 6 43 27
47 6 28 14
47 6 44 14
47 6 10 45
47 6 47 18
47 6 34 2
47 6 3 36
47 6 4 25
47 6 7 40
47 6 6 28
47 6 13 43
47 6 2 1
47 6 17 35
47 6 12 36
47 6 0 49
47 6 1 25
47 6 49 9
47 6 9 29
47 6 18 17
47 6 21 9
47 6 46 32
47 6 31 16
47 6 38 26
47 6 28 5
47 6 31 12
47 18 47 1
47 18 1 45
47 18 45 4
47 18 4 49
47 18 49 20
47 18 49 45
47 18 9 45
47 18 20 15
47 18 2 1
47 18 16 44
47 18 48 42
47 18 29 5
47 18 47 11
47 18 16 22
47 18 12 36
47 18 23 12
47 18 6 46
47 18 17 35
47 18 9 17
47 18 2 27
47 18 19 25
47 18 19 5
47 18 46 4
47 18 49 3
47 18 24 32
47 18 35 5
47 18 37 31
47 18 15 25
47 18 22 28
47 18 34 2
47 18 0 31
47 18 47 33
47 18 7 33
47 18 21 9
47 11 46 4
47 11 47 6
47 11 5 20
47 11 16 44
47 33 4 48
47 33 15 45
47 33 39 0
47 33 44 14
47 33 47 48
47 33 28 5
47 33 25 45
47 33 13 26
47 33 35 27
47 33 33 8
47 33 6 46
47 33 43 22
47 33 0 38
47 33 3 27
47 33 29 34
47 33 3 36
47 33 11 30
47 33 41 28
47 33 12 36
48 42 15 48
48 42 1 13
48 42 13 46
48 42 21 41
48 42 11 2
49 6 10 4
49 6 44 40
49 6 43 8
49 6 0 48
49 6 13 26
49 6 10 25
49 6 47 16
49 6 12 40
49 6 34 10
49 6 18 3
49 6 20 26
49 6 2 1
49 6 23 31
49 6 18 28
49 6 13 45
49 6 23 44
49 6 3 35
49 6 43 27
49 6 46 37
49 6 14 48
49 6 31 12
49 6 48 42
49 6 42 1
49 6 7 33
49 6 8 9
49 6 46 4
49 6 11 44
49 6 43 47
49 6 35 27
49 6 40 21
49 6 32 43
49 6 38 16
49 6 18 34
49 6 41 28
49 6 49 9
49 6 37 22
49 6 24 37
49 6 4 48
49 6 7 40
49 6 22 47
49 6 44 24
49 6 32 17
49 6 10 26
49 6 10 45
49 6 44 4
49 6 4 35
49 6 22 12
49 6 8 48
49 6 47 18
49 6 17 14
49 6 0 31
49 6 42 10
49 3 32 17
49 3 16 44
49 3 21 45
49 3 4 35
49 3 38 42
49 3 6 43
49 3 13 26
49 3 23 16
49 3 14 15
49 3 35 10
49 3 0 38
49 3 18 17
49 3 6 41
49 3 2 1
49 3 0 31
49 3 42 9
49 3 35 27
49 3 17 14
49 3 1 6
49 3 11 35
49 3 23 45
49 3 20 26
49 3 2 39
49 3 22 47
49 3 2 27
49 3 13 46
49 3 9 29
49 3 46 32
49 3 43 11
49 3 1 13
49 3 17 42
49 3 23 12
49 3 0 48
49 3 38 26
49 3 10 25
49 3 8 48
49 3 31 7
49 3 1 25
49 3 29 5
49 3 47 1
49 3 19 12
49 3 44 28
49 3 1 43
49 3 18 3
49 3 9 45
49 3 3 36
49 3 7 33
49 3 28 14
49 3 15 25
49 23 43 19
49 23 21 41
49 23 28 14
49 23 47 11
49 23 22 12
49 23 10 4
49 23 9 0
49 23 7 25
49 23 10 1
49 23 1 43
49 23 38 26
49 23 11 41
49 23 44 36
49 23 46 4
49 23 22 28
49 23 45 19
49 23 10 15
49 23 35 27
49 23 37 45
49 23 28 5
49 23 8 48
49 23 15 25
49 23 8 9
49 23 44 4
49 9 36 1
49 9 47 48
49 9 37 27
49 9 47 33
49 9 16 15
49 9 6 17
49 9 16 32
49 9 40 21
49 9 11 41
49 9 44 40
49 9 18 42
49 9 1 13
49 9 4 35
49 9 5 48
49 9 11 16
49 9 46 4
49 9 44 14
49 9 31 32
49 9 38 26
49 9 16 44
49 9 46 32
49 9 4 49
49 9 0 48
49 9 15 25
49 9 4 0
49 9 37 45
49 9 24 42
49 9 31 16
49 45 46 32
14 48 17 35
13 43 17 35
41 28 17 35
32 43 17 35
47 11 17 35
4 0 17 35
35 10 17 35
8 9 17 35
1 32 17 35
20 26 0 38
41 28 0 38
25 45 0 38
23 44 0 38
19 12 0 38
35 38 0 38
47 18 0 38
9 25 0 38
38 16 0 38
31 7 0 38
46 42 0 38
31 12 0 38
30 31 0 38
1 13 0 38
18 34 0 38
32 11 0 38
44 24 0 38
43 11 0 38
4 35 0 38
15 29 0 38
20 35 0 38
44 17 0 38
32 43 20 26
34 10 20 26
37 45 20 26
33 8 20 26
13 27 20 26
8 48 20 26
47 18 20 26
9 0 20 26
7 40 20 26
21 45 20 26
16 22 20 26
13 42 20 26
44 28 20 26
5 48 20 26
36 1 20 26
24 10 20 26
8 9 20 26
12 32 20 26
18 35 20 26
46 32 20 26
5 30 20 26
22 28 20 26
19 5 20 26
44 36 20 26
42 10 20 26
19 25 20 26
43 22 20 26
10 45 20 26
39 0 20 26
2 27 20 26
15 19 20 26
38 26 20 26
12 36 20 26
17 14 20 26
43 39 20 26
25 45 20 26
37 31 20 26
13 46 20 26
18 17 20 26
10 26 20 26
38 16 20 26
14 48 20 26
47 48 20 26
24 32 0 48
13 26 0 48
47 1 0 48
22 45 0 48
11 16 0 48
0 38 0 48
3 36 0 48
22 30 0 48
1 13 0 48
16 15 0 48
38 42 0 48
6 43 0 48
30 31 0 48
44 17 0 48
31 32 0 48
13 42 0 48
45 4 24 32
46 37 24 32
49 45 24 32
46 11 24 32
7 25 24 32
1 25 24 32
3 36 24 32
19 25 24 32
30 31 24 32
22 45 24 32
34 2 24 32
13 45 24 32
15 29 24 32
24 31 24 32
33 8 24 32
22 47 24 32
47 38 24 32
10 25 24 32
12 36 24 32
25 45 24 32
3 27 24 32
41 28 24 32
18 28 24 32
8 9 24 32
27 14 24 32
43 47 24 32
23 12 24 32
44 14 24 32
29 34 24 32
15 19 24 32
6 43 24 32
38 26 24 32
6 17 24 32
11 16 24 32
23 45 24 32
29 5 24 32
2 1 24 32
19 26 0 49
21 9 0 49
11 16 0 49
43 8 0 49
1 45 0 49
24 37 0 49
38 42 19 26
32 11 19 26
31 32 19 26
47 33 19 26
47 16 19 26
8 9 19 26
5 20 19 26
1 6 19 26
1 32 19 26
1 45 19 26
29 5 19 26
9 17 19 26
4 35 19 26
0 38 19 26
39 0 19 26
37 45 19 26
35 27 19 26
40 21 19 26
33 18 19 26
23 31 19 26
18 28 19 26
38 21 19 26
43 47 19 26
29 34 19 26
37 22 19 26
24 42 19 26
18 34 19 26
22 12 19 26
49 23 19 26
6 17 19 26
47 1 19 26
44 28 19 26
13 42 19 26
15 25 19 26
23 12 19 26
24 37 19 26
49 45 19 26
16 22 19 26
21 48 19 26
1 13 19 26
5 38 19 26
47 6 19 26
24 32 19 26
41 28 19 26
23 12 0 31
47 6 0 31
44 36 20 30
31 16 20 30
44 28 20 30
42 1 20 30
5 33 20 30
8 28 20 30
8 9 20 30
13 43 20 30
25 45 20 30
18 3 20 30
14 48 20 30
0 49 20 30
44 4 20 30
18 28 20 30
1 45 20 30
14 6 20 30
19 5 20 30
24 32 20 30
43 39 20 30
35 5 20 30
4 0 20 30
13 27 20 30
8 48 20 30
4 49 20 30
14 9 20 30
1 32 20 30
21 48 20 30
37 22 20 30
3 36 20 30
42 9 20 30
6 46 20 30
33 18 20 30
17 46 20 30
16 22 20 30
4 48 20 30
1 6 20 30
43 47 20 30
44 17 20 30
17 35 20 30
44 40 20 30
23 44 20 30
23 31 20 30
9 17 20 30
20 30 23 12
33 18 23 12
44 4 23 12
35 10 23 12
45 4 23 12
2 39 23 12
44 14 23 12
6 43 23 12
43 8 23 12
23 44 23 12
13 27 23 12
17 35 23 12
11 41 23 12
31 32 23 12
0 37 23 12
42 10 23 12
44 1 23 12
31 7 23 12
35 27 23 12
49 9 23 12
9 29 23 12
18 3 23 12
2 1 23 12
47 38 23 12
27 14 23 12
14 48 23 12
0 38 23 12
22 40 23 12
7 25 23 12
28 5 23 12
21 9 23 12
33 8 23 12
5 30 23 12
24 10 23 12
13 43 23 12
11 44 23 12
24 37 23 12
10 4 23 12
13 46 23 12
46 4 23 12
19 5 23 12
3 27 23 12
23 45 1 45
13 45 1 45
35 10 1 45
44 40 1 45
8 28 1 45
11 30 1 45
13 42 1 45
3 36 1 45
1 43 1 45
14 48 1 45
49 3 1 45
29 37 1 45
36 1 1 45
8 48 1 45
6 43 1 45
49 9 1 45
10 45 1 45
24 32 1 45
22 40 1 45
47 16 1 45
15 19 1 45
14 25 1 45
2 39 1 45
29 45 1 45
5 48 1 45
27 14 1 45
2 27 1 45
14 6 1 45
30 31 1 45
0 48 1 45
11 2 1 45
44 17 1 45
5 30 1 45
20 35 1 45
23 44 1 45
27 14 23 45
29 45 23 45
43 22 23 45
49 23 23 45
23 12 23 45
32 43 23 45
24 34 1 32
16 15 1 32
4 25 1 32
29 34 1 32
8 28 1 32
47 16 1 32
35 38 1 32
20 35 1 32
46 32 1 32
8 48 1 32
15 19 1 32
43 39 1 32
46 42 1 32
35 27 1 32
17 46 1 32
46 11 1 32
20 15 1 32
17 42 1 32
6 28 1 32
6 41 1 32
43 22 1 32
24 29 1 32
14 6 1 32
9 17 1 32
1 45 1 32
49 6 1 32
24 32 1 32
43 27 1 32
11 2 1 32
34 10 1 32
3 27 1 32
15 25 1 32
4 48 1 32
1 43 1 32
30 25 1 32
9 45 1 32
3 35 1 32
23 31 1 32
18 35 1 32
11 16 1 32
48 42 24 34
49 3 24 34
49 45 24 34
49 23 24 34
34 10 24 34
35 38 24 34
22 47 24 34
24 42 24 34
35 10 24 34
26 30 24 34
10 1 24 34
12 32 24 34
1 6 24 34
11 2 24 34
44 17 24 34
47 38 24 34
44 14 24 34
20 30 24 34
17 42 24 34
4 35 24 34
6 43 24 34
9 0 24 34
17 14 24 34
31 12 24 34
43 8 24 34
30 31 24 34
6 32 24 34
13 42 24 34
2 1 24 34
49 9 24 34
14 48 24 34
44 28 24 34
39 0 24 34
23 45 24 34
18 17 1 25
1 13 1 25
47 33 1 25
5 48 1 25
41 28 1 25
5 30 1 25
14 9 1 25
19 5 1 25
6 43 1 25
34 10 1 25
13 27 1 25
10 25 1 25
47 38 1 25
43 39 18 17
32 43 18 17
29 5 18 17
44 40 18 17
15 29 18 17
35 5 18 17
11 16 18 17
24 31 18 17
2 1 18 17
16 15 18 17
44 17 18 17
1 13 18 17
42 10 18 17
18 35 18 17
47 1 18 17
47 38 18 17
15 25 18 17
17 46 18 17
23 45 18 17
40 21 18 17
42 9 18 17
13 42 18 17
26 30 18 17
7 33 18 17
24 32 18 17
37 22 18 17
12 40 18 17
46 37 18 17
24 37 18 17
5 20 18 17
43 11 18 17
33 8 18 17
13 46 18 17
10 26 18 17
24 42 1 6
13 46 1 6
46 37 1 6
47 6 1 6
8 9 1 6
46 42 1 6
4 48 1 6
37 45 1 6
9 29 1 6
35 10 1 6
7 33 1 6
49 23 1 6
1 25 1 6
44 28 1 6
15 19 1 6
18 28 1 6
29 45 1 6
0 38 1 6
28 14 1 6
19 25 1 6
45 19 1 6
44 1 24 42
47 48 24 42
47 38 24 42
32 11 24 42
28 5 24 42
22 30 1 13
43 47 1 13
37 27 1 13
8 9 1 13
11 30 1 13
13 43 1 13
1 32 1 13
4 49 1 13
8 48 1 13
30 25 1 13
43 8 1 13
24 32 1 13
10 25 1 13
44 36 1 13
24 30 1 13
45 19 1 13
19 12 1 13
4 35 1 13
49 23 1 13
24 10 1 13
0 37 1 13
6 18 1 13
24 34 1 13
12 36 1 13
39 0 1 13
18 35 1 13
7 33 1 13
11 44 1 13
27 14 1 13
21 45 1 13
29 34 1 13
4 0 1 13
5 48 1 13
19 5 1 13
10 1 1 13
16 44 1 13
15 45 1 13
47 16 1 13
49 20 17 46
47 33 17 46
43 8 17 46
45 4 17 46
35 5 17 46
44 24 17 46
47 38 17 46
46 37 17 46
34 2 17 46
6 46 17 46
5 30 17 46
15 29 17 46
2 27 17 46
35 38 17 46
38 21 17 46
44 4 17 46
13 26 17 46
44 40 17 46
12 36 17 46
43 22 17 46
16 32 17 46
42 9 17 46
1 38 17 46
33 18 17 46
40 21 17 46
8 28 17 46
24 29 17 46
4 25 17 46
0 48 17 46
14 15 17 46
12 40 17 46
18 3 17 46
15 48 17 46
1 25 17 46
22 47 17 46
17 46 22 30
40 21 22 30
20 35 22 30
37 27 22 30
12 32 22 30
11 2 22 30
34 2 22 30
1 45 22 30
48 42 22 30
16 15 22 30
47 33 22 30
42 9 22 30
18 3 1 38
47 33 1 38
29 5 1 38
27 14 1 38
0 49 1 38
24 42 1 38
31 32 1 38
2 1 1 38
19 12 1 38
12 32 1 38
45 19 1 38
13 43 1 38
47 38 1 38
47 18 1 38
1 32 1 38
11 35 1 38
5 20 1 38
29 37 1 38
13 45 1 38
14 9 1 38
20 35 1 38
38 42 1 38
49 6 1 38
18 34 1 38
6 32 1 38
21 41 1 38
25 45 1 38
22 28 1 38
21 9 1 38
12 36 1 38
16 15 1 38
26 30 1 38
8 9 1 38
32 43 1 38
15 45 1 38
7 40 1 38
39 0 18 3
33 8 18 3
35 27 18 3
47 11 18 3
38 16 18 3
16 32 18 3
6 43 18 3
24 30 18 3
14 25 18 3
44 17 18 3
7 25 18 3
5 30 18 3
22 40 1 43
49 45 1 43
34 10 1 43
20 15 1 43
37 31 1 43
30 25 1 43
2 39 1 43
37 45 1 43
47 16 1 43
47 18 22 40
30 31 22 40
37 22 22 40
34 2 22 40
32 11 22 40
22 12 22 40
15 48 22 40
37 27 22 40
38 26 22 40
20 15 22 40
37 45 22 40
44 24 22 40
17 46 22 40
23 16 22 40
11 30 22 40
14 15 22 40
21 45 22 40
6 41 22 40
4 35 22 40
8 9 22 40
19 12 22 40
45 19 22 40
23 45 22 40
35 27 22 40
42 1 22 40
43 27 22 40
6 28 22 40
24 30 2 27
10 1 2 27
16 32 2 27
44 24 2 27
47 6 2 27
15 45 2 27
9 45 2 27
24 10 24 31
29 5 24 31
31 16 24 31
27 14 24 31
28 5 24 31
37 22 24 31
24 29 24 31
5 30 24 31
31 12 24 31
29 34 24 31
32 17 24 31
12 32 24 31
2 27 24 31
47 6 24 31
39 0 24 31
13 26 24 31
46 42 24 31
43 11 24 31
37 27 24 31
17 42 24 31
7 33 24 31
18 34 24 31
5 20 24 31
43 8 24 31
10 45 24 31
0 31 24 31
8 28 24 31
19 12 24 31
36 1 24 31
8 48 24 31
21 9 24 31
0 49 24 31
18 35 24 31
24 31 24 30
31 32 24 30
31 7 24 30
42 1 24 30
14 6 24 30
47 11 24 30
29 45 24 30
38 21 24 30
10 25 24 30
44 36 24 30
42 9 24 30
16 22 24 30
4 0 24 30
5 38 24 30
44 28 24 30
49 23 24 30
22 47 24 30
14 48 24 30
37 45 24 30
22 28 24 30
9 25 24 30
46 37 24 30
28 5 24 30
17 46 24 30
35 5 24 30
49 45 24 30
34 2 24 30
46 4 24 30
12 36 24 30
21 9 2 39
38 26 2 39
4 25 2 39
5 30 2 39
21 48 2 39
44 14 2 39
1 13 2 39
32 11 2 39
0 37 2 39
18 34 2 39
46 37 2 39
6 46 2 39
41 28 2 39
2 27 2 39
47 38 2 39
32 17 2 39
4 49 2 39
42 10 2 39
29 34 2 39
18 3 2 39
16 22 2 39
47 6 2 39
47 1 2 39
18 35 2 39
43 22 2 39
18 42 2 39
13 43 2 39
9 29 2 39
4 35 2 39
14 48 2 39
42 9 21 9
44 28 21 9
35 38 21 9
42 10 21 9
30 25 21 9
49 20 21 9
4 48 21 9
23 31 21 9
1 43 21 9
5 48 21 9
13 45 21 9
19 5 21 9
45 19 21 9
0 38 21 9
22 28 21 9
34 10 21 9
32 17 21 9
31 32 21 9
12 40 21 9
9 45 21 9
47 16 21 9
18 35 21 9
18 28 21 9
43 19 21 9
21 41 21 9
23 44 21 9
18 3 21 9
11 41 21 9
15 25 21 9
18 42 2 1
11 2 2 1
5 30 2 1
5 20 2 1
26 30 2 1
38 16 18 42
43 22 18 42
49 23 18 42
1 45 18 42
44 1 18 42
7 25 18 42
17 14 3 27
14 25 3 27
45 4 3 27
1 6 3 27
19 12 3 27
1 43 3 27
49 3 3 27
44 24 3 27
31 7 3 27
13 42 3 27
2 39 3 27
43 11 3 27
13 43 3 27
46 4 3 27
3 35 3 27
37 27 3 27
38 42 3 27
47 1 3 27
11 41 3 27
14 6 3 27
10 45 3 27
46 11 3 27
0 38 3 27
2 1 3 27
38 21 3 27
29 45 17 14
49 20 17 14
31 16 17 14
44 24 17 14
44 14 17 14
26 30 17 14
6 43 17 14
40 21 17 14
22 28 17 14
30 31 17 14
2 27 17 14
4 35 17 14
31 12 17 14
0 38 17 14
37 22 17 14
34 2 17 14
20 35 17 14
10 26 17 14
2 39 17 14
37 31 17 14
14 25 17 14
30 25 17 14
15 25 17 14
6 46 17 14
21 45 17 14
47 33 17 14
14 48 17 14
19 12 17 14
13 42 17 14
5 38 17 14
15 19 17 14
43 27 17 14
6 17 17 14
13 26 3 35
10 15 3 35
31 16 3 35
1 6 3 35
31 16 20 35
44 1 20 35
29 37 20 35
33 18 20 35
47 18 20 35
47 1 20 35
6 32 20 35
47 16 20 35
48 42 20 35
18 34 3 36
42 1 3 36
19 25 3 36
22 40 3 36
9 29 3 36
5 20 3 36
49 6 3 36
49 9 3 36
1 38 3 36
21 45 3 36
49 23 3 36
4 0 3 36
45 19 3 36
49 45 3 36
47 33 18 34
31 7 18 34
37 22 18 34
32 17 18 34
1 13 18 34
35 27 18 34
1 6 18 34
9 0 18 34
11 16 18 34
11 44 18 34
43 11 18 34
4 0 18 34
23 16 18 34
20 30 18 34
23 12 18 34
47 6 18 34
24 34 18 34
5 33 18 34
23 44 18 34
6 43 18 34
45 4 18 34
12 40 18 34
12 36 18 34
16 32 18 34
46 42 18 34
17 14 18 34
47 38 18 34
29 34 18 34
22 30 18 34
18 3 18 34
33 18 18 34
48 42 18 34
44 17 18 34
43 39 18 34
9 45 18 34
19 25 18 34
20 35 18 34
13 26 18 34
21 48 4 49
31 16 4 49
46 37 4 49
23 45 4 49
23 31 4 49
1 32 4 49
1 38 4 49
19 5 4 49
41 28 4 49
44 14 4 49
44 28 4 49
8 48 4 49
13 43 4 49
49 6 4 49
13 27 4 49
18 35 4 49
47 48 4 49
47 6 4 49
37 27 4 49
1 45 4 49
17 35 4 49
7 40 4 49
25 45 21 48
44 1 21 48
37 45 21 48
43 39 21 48
5 20 21 48
10 1 21 48
23 12 21 48
11 16 21 48
1 32 21 48
44 40 21 48
3 27 21 48
38 26 21 48
24 29 21 48
29 5 21 48
14 6 21 48
11 35 21 48
2 1 21 48
43 47 21 48
49 9 21 48
46 37 21 48
47 33 21 48
10 45 21 48
38 16 21 48
13 45 21 48
13 42 21 48
44 28 21 48
24 31 21 48
10 4 21 48
29 37 21 48
47 11 21 48
17 35 21 48
20 26 21 48
8 48 21 48
43 27 21 48
21 41 21 48
37 22 21 48
3 35 21 48
18 3 21 48
9 29 21 48
19 25 4 48
35 5 4 48
44 36 4 48
14 48 4 48
7 33 4 48
22 30 4 48
32 17 4 48
31 32 19 25
38 42 19 25
28 5 19 25
42 9 19 25
4 35 19 25
14 6 19 25
1 13 19 25
21 9 19 25
46 42 19 25
47 48 19 25
45 4 19 25
1 45 19 25
5 38 19 25
6 17 19 25
43 27 19 25
34 2 19 25
24 37 19 25
14 9 19 25
0 49 19 25
9 17 19 25
4 25 19 25
10 26 19 25
12 40 19 25
47 11 19 25
46 32 19 25
22 28 19 25
16 22 19 25
2 27 19 25
4 49 19 25
32 11 19 25
16 32 19 25
3 35 19 25
29 37 19 25
35 38 19 25
9 29 19 25
24 29 4 25
9 0 4 25
17 35 4 25
47 1 4 25
11 44 4 25
0 38 4 25
24 37 4 25
44 1 4 25
12 36 4 25
35 10 4 25
23 16 4 25
12 40 4 25
48 42 4 25
47 11 4 25
37 45 4 25
13 45 4 25
13 42 4 25
38 16 4 25
6 41 4 25
15 25 4 25
49 20 4 25
18 42 4 25
3 27 4 25
30 31 4 25
2 27 4 25
31 12 4 25
5 20 4 25
15 48 4 25
38 26 4 25
21 9 4 25
24 30 4 25
6 46 4 25
7 33 4 25
49 9 23 16
48 42 23 16
47 48 23 16
29 45 23 16
39 0 23 16
1 6 23 16
23 16 24 29
32 43 24 29
47 6 24 29
41 28 24 29
31 7 24 29
15 29 24 29
12 32 24 29
46 11 24 29
19 25 24 29
9 0 24 29
1 45 24 29
44 4 24 29
10 1 24 29
44 14 24 29
6 32 24 29
20 15 24 29
23 12 24 29
7 40 24 29
5 33 24 29
29 45 24 29
24 42 24 29
22 30 24 29
22 45 24 29
42 9 24 29
10 45 24 29
23 44 24 29
24 10 24 29
24 34 24 29
24 37 24 29
18 35 4 0
24 32 4 0
0 49 4 0
8 28 4 0
15 19 4 0
13 46 4 0
20 15 4 0
34 2 4 0
14 15 4 0
4 48 4 0
48 42 4 0
21 48 4 0
9 45 4 0
1 25 4 0
44 40 4 0
47 6 4 0
11 2 4 0
49 3 4 0
44 1 4 0
45 19 4 0
4 25 4 0
32 17 4 0
19 5 4 0
5 48 4 0
49 23 4 0
30 31 4 0
32 11 4 0
11 41 4 0
35 38 4 0
44 24 4 0
21 9 4 0
38 16 4 0
19 26 4 0
14 25 4 0
8 9 4 0
24 29 4 0
22 30 4 0
19 5 18 35
45 4 18 35
31 7 18 35
38 42 18 35
24 37 18 35
27 14 18 35
14 48 18 35
49 6 18 35
10 45 18 35
42 1 18 35
32 17 18 35
0 31 18 35
37 45 18 35
4 48 18 35
44 1 18 35
47 38 18 35
47 48 19 5
30 31 19 5
31 12 19 5
5 30 19 5
23 31 19 5
46 37 19 5
14 48 19 5
31 32 19 5
7 25 19 5
14 6 19 5
21 45 19 5
47 1 19 5
0 48 19 5
12 32 19 5
18 28 4 35
24 10 4 35
6 18 4 35
47 33 4 35
11 30 4 35
1 45 4 35
29 5 18 28
45 4 18 28
49 23 18 28
32 43 18 28
15 45 18 28
9 0 18 28
4 49 18 28
5 30 18 28
37 22 18 28
15 48 18 28
47 16 18 28
49 45 18 28
47 1 18 28
19 25 18 28
35 27 18 28
44 4 18 28
47 18 18 28
5 33 18 28
43 47 18 28
19 5 18 28
11 41 18 28
2 39 18 28
10 45 18 28
30 25 18 28
23 16 18 28
48 42 18 28
10 26 18 28
21 41 5 38
38 16 5 38
30 25 5 38
11 41 5 38
24 37 5 38
6 17 5 38
46 11 5 38
18 34 5 38
29 5 5 38
16 15 5 38
1 38 5 38
43 8 5 38
47 1 5 38
14 9 5 38
49 6 5 38
31 32 5 38
0 48 5 38
29 34 5 38
16 22 5 38
35 38 21 41
29 5 21 41
46 11 21 41
46 42 21 41
18 34 21 41
19 5 21 41
47 33 21 41
42 9 21 41
0 31 21 41
44 24 21 41
49 45 21 41
49 6 21 41
43 11 21 41
43 47 21 41
44 40 21 41
43 27 21 41
6 43 21 41
47 16 21 41
13 46 21 41
14 15 21 41
1 43 21 41
5 20 21 41
13 45 21 41
31 32 21 41
1 32 21 41
5 48 21 41
11 44 21 41
6 18 21 41
31 12 21 41
28 14 5 30
37 22 5 30
0 37 5 30
7 33 5 30
23 31 5 30
11 35 5 30
38 16 5 30
11 44 5 30
12 40 5 30
49 20 5 30
20 15 5 30
6 41 5 30
2 27 5 30
15 19 5 30
8 9 5 30
0 49 5 30
38 42 5 30
43 27 5 30
22 12 5 30
35 27 5 30
11 30 5 30
16 32 5 30
48 42 5 30
46 42 5 30
6 43 5 30
47 18 5 30
24 42 5 30
46 32 5 30
24 37 5 30
15 48 5 30
30 25 5 30
49 6 5 30
44 28 5 30
43 39 5 30
38 26 5 48
24 37 5 48
2 39 5 48
44 40 5 48
19 5 5 48
44 28 5 48
38 16 5 48
14 48 5 48
38 42 5 48
35 38 5 48
15 19 5 48
16 15 5 48
49 20 5 48
17 14 5 48
18 3 5 48
16 44 5 48
23 45 5 48
21 48 5 48
8 48 5 48
19 12 5 48
41 28 5 48
14 15 5 48
6 43 5 48
11 41 5 48
36 1 5 48
8 28 5 48
42 9 5 48
27 14 5 48
21 45 5 48
12 32 5 48
46 42 5 48
29 34 5 48
44 1 5 48
45 19 5 48
16 22 5 48
19 25 5 48
49 23 5 48
23 12 5 48
10 15 5 48
29 37 5 48
48 42 5 33
17 46 5 33
4 35 5 33
9 17 5 33
24 30 5 33
7 25 5 33
10 45 5 33
2 1 5 33
37 22 5 33
39 0 5 33
30 31 5 33
44 1 5 20
38 26 5 20
9 29 5 20
35 5 5 20
45 4 5 20
16 15 5 20
17 35 5 20
34 10 5 20
25 45 5 20
13 42 5 20
4 49 5 20
12 36 5 20
42 9 5 20
26 30 5 20
29 34 5 20
47 38 5 20
13 46 5 20
37 22 6 41
26 30 6 41
38 16 6 41
29 45 6 41
32 43 6 41
1 13 6 41
29 34 6 41
16 22 6 41
37 45 6 43
42 9 6 43
13 46 6 43
47 33 6 43
29 45 6 43
13 45 6 43
43 8 6 43
47 38 6 43
38 26 6 43
10 25 6 43
38 16 6 43
11 16 6 43
2 27 6 43
18 28 6 43
18 42 6 43
47 18 6 43
11 41 6 43
14 48 6 43
43 47 6 43
5 20 6 43
35 10 6 43
44 28 6 43
16 44 6 43
1 32 6 43
47 1 6 43
18 35 6 43
22 47 6 43
27 14 6 43
9 17 6 43
28 14 6 43
24 42 6 43
19 25 6 43
15 45 6 43
23 45 6 43
31 7 6 43
32 17 6 43
32 17 6 28
18 35 6 28
29 45 6 28
17 46 6 28
39 0 6 46
30 25 6 46
43 22 6 46
42 10 6 46
37 27 6 46
7 25 6 46
21 48 6 46
18 28 6 46
10 15 6 46
44 36 6 46
38 42 6 18
47 1 6 18
6 41 6 18
47 48 6 18
37 31 6 18
20 26 6 18
9 25 6 18
0 49 6 18
13 45 6 18
44 17 6 18
34 10 6 18
47 1 6 17
29 37 6 17
7 33 6 17
17 35 6 17
42 1 6 17
5 48 6 17
11 2 6 17
13 45 6 17
0 49 6 17
38 42 6 17
23 45 6 17
8 48 6 17
8 9 6 17
44 4 6 17
37 22 6 17
10 45 6 17
0 31 6 17
6 43 6 17
35 27 6 17
43 27 6 32
37 22 6 32
15 29 6 32
28 14 6 32
1 25 6 32
46 32 6 32
42 10 6 32
5 38 6 32
49 3 6 32
43 47 6 32
14 25 6 32
41 28 6 32
24 32 6 32
28 5 6 32
47 18 6 32
4 0 6 32
30 31 6 32
32 11 6 32
6 43 6 32
23 31 6 32
15 19 6 32
14 15 6 32
22 28 6 32
35 27 6 32
1 45 6 32
18 28 6 32
44 14 6 32
44 24 7 25
47 16 7 25
49 45 7 25
14 9 7 25
43 47 7 25
12 32 7 25
23 16 7 25
6 43 7 25
29 34 7 25
9 45 7 25
8 28 7 25
5 20 7 25
49 23 7 33
44 40 7 33
31 7 7 33
15 48 7 33
22 28 7 33
10 4 7 33
6 41 7 33
42 9 7 33
33 8 7 33
44 17 7 33
24 42 7 33
11 41 7 33
47 6 7 33
32 17 7 33
8 28 7 33
49 20 7 33
46 42 7 33
41 28 7 33
11 16 7 33
44 14 7 33
34 2 7 33
46 37 7 33
28 14 7 33
26 30 7 33
23 44 7 40
11 41 7 40
31 16 7 40
16 22 7 40
8 9 7 40
30 31 23 44
47 48 23 44
41 28 23 44
47 1 23 44
6 41 23 44
46 11 23 44
37 31 23 44
24 32 23 44
44 24 23 44
46 37 23 44
8 28 23 44
6 17 23 44
35 5 23 44
29 37 23 44
15 25 23 44
13 27 23 44
10 4 23 44
11 41 23 44
24 42 23 44
38 21 23 44
5 33 23 44
37 27 23 44
10 45 23 44
6 43 23 44
43 11 23 44
25 45 8 48
32 43 8 48
18 35 8 48
46 42 8 28
46 11 8 28
37 31 8 28
25 45 8 28
44 4 8 28
31 7 8 28
0 31 8 28
18 17 8 28
11 16 8 28
44 17 8 28
15 48 8 28
13 43 8 28
15 45 8 28
44 14 8 28
23 45 8 28
24 32 8 28
9 29 8 28
1 38 8 28
45 4 8 28
23 31 8 28
21 48 8 28
21 45 8 9
29 45 8 9
0 37 8 9
30 31 8 9
13 42 8 9
8 48 8 9
20 35 8 9
38 42 8 9
31 12 8 9
37 22 8 9
27 14 8 9
18 17 8 9
47 33 8 9
3 27 8 9
24 29 8 9
29 34 8 9
6 43 8 9
17 42 8 9
32 11 8 9
42 10 8 9
10 45 8 9
31 16 8 9
19 25 8 9
20 15 8 9
15 19 8 9
2 39 8 9
15 29 8 9
1 32 8 9
11 35 8 9
12 32 8 9
42 9 21 45
49 20 21 45
37 27 21 45
49 9 21 45
13 26 21 45
43 19 21 45
3 35 21 45
49 45 21 45
23 12 21 45
47 38 21 45
43 8 21 45
10 25 21 45
13 43 21 45
38 42 21 45
41 28 21 45
8 28 21 45
2 27 21 45
12 40 21 45
6 17 21 45
24 32 21 45
24 10 21 45
10 45 21 45
29 37 21 45
18 28 21 45
4 35 21 45
44 24 21 45
15 19 21 45
1 38 21 45
0 31 21 45
24 37 21 45
22 30 21 45
47 16 21 45
32 17 21 45
34 10 21 45
0 37 21 45
20 35 21 45
6 28 21 45
16 15 21 45
24 31 21 45
28 5 21 45
10 15 21 45
1 45 21 45
24 10 9 25
29 34 9 25
32 43 9 25
17 35 9 25
0 37 9 25
4 0 9 25
9 45 9 25
16 32 9 25
10 4 9 25
13 45 9 25
4 49 9 25
43 8 9 25
21 41 9 25
43 19 9 25
3 27 9 25
49 9 9 25
33 8 9 25
2 1 9 25
22 12 9 25
46 37 9 25
20 15 9 25
24 32 9 25
44 40 9 25
12 32 9 25
10 15 9 25
44 4 9 25
15 29 9 25
29 37 9 25
31 16 9 25
49 20 9 25
13 46 9 25
49 23 9 45
44 40 9 45
6 46 9 45
46 4 9 45
11 41 9 45
28 14 9 45
43 11 9 45
17 35 9 45
13 27 9 45
44 17 9 45
18 35 9 45
1 38 9 45
0 31 9 45
10 25 9 45
24 42 9 45
2 1 9 45
21 45 9 45
37 22 9 45
23 16 9 45
5 48 9 45
5 33 9 45
39 0 9 45
6 41 9 45
3 36 9 45
35 27 9 45
47 33 9 45
42 10 9 45
49 20 9 45
49 6 9 45
24 32 9 45
37 27 9 45
8 48 9 45
22 30 9 45
16 22 9 17
47 38 9 17
29 37 9 17
33 18 9 17
25 45 9 17
34 2 9 17
46 32 9 17
22 30 9 17
13 26 9 17
43 39 9 17
18 17 9 17
15 29 9 17
24 10 9 17
24 29 9 17
38 16 9 17
32 17 9 17
4 25 9 17
3 35 9 17
46 42 9 17
49 23 9 17
7 25 9 17
14 48 9 17
40 21 9 17
4 49 9 17
17 14 9 17
10 1 9 17
3 27 9 17
24 37 9 17
49 20 9 17
0 38 9 17
43 27 9 17
19 5 9 17
13 42 9 17
47 1 9 17
24 32 9 17
47 6 9 17
19 12 16 22
47 6 16 22
46 32 16 22
31 12 16 22
29 5 16 22
0 48 16 22
1 38 16 22
34 10 16 22
37 22 16 22
48 42 16 22
45 4 16 22
1 45 16 22
44 1 16 22
49 6 16 22
6 46 16 22
30 31 16 22
17 14 16 22
37 31 16 22
4 48 16 22
10 4 16 22
18 3 16 22
23 12 16 22
11 2 16 22
35 10 16 22
47 48 16 22
11 35 16 22
43 39 16 22
44 14 16 22
44 28 16 22
37 45 16 22
39 0 16 22
29 34 16 22
22 47 16 22
8 9 16 22
44 17 16 22
9 29 16 22
22 28 16 22
23 31 16 22
6 28 16 22
46 4 16 22
29 5 19 12
42 10 19 12
27 14 19 12
44 36 19 12
16 32 19 12
44 17 19 12
19 5 19 12
42 1 19 12
44 1 19 12
26 30 19 12
22 47 9 0
18 17 9 0
35 27 9 0
3 27 9 0
44 17 9 0
47 6 9 0
2 1 9 0
32 17 9 0
21 9 9 0
24 10 9 0
28 5 9 0
24 30 9 0
24 37 9 0
32 43 9 0
15 25 9 0
14 6 9 0
38 42 9 0
1 6 9 0
44 28 9 0
46 42 9 0
38 16 9 0
26 30 22 47
35 10 22 47
36 1 22 47
46 4 22 47
11 16 22 47
17 35 22 47
44 28 22 47
2 27 22 47
6 46 22 47
13 26 22 47
31 16 22 47
48 42 9 29
44 36 9 29
24 37 9 29
42 1 9 29
37 45 9 29
22 40 9 29
43 27 9 29
35 27 9 29
38 21 9 29
18 42 9 29
11 30 9 29
14 48 9 29
6 41 9 29
43 8 9 29
4 0 9 29
49 23 9 29
38 16 9 29
17 42 9 29
14 25 9 29
10 15 9 29
23 44 9 29
43 22 9 29
39 0 10 25
37 45 10 25
0 31 10 25
24 37 10 25
14 15 10 25
48 42 10 25
43 8 10 25
49 20 10 25
11 30 10 25
23 12 10 25
16 15 10 25
18 3 10 25
17 14 10 25
28 5 10 25
44 40 10 25
1 32 10 25
6 18 10 25
27 14 10 25
38 21 10 25
36 1 10 25
19 5 10 25
43 47 10 25
47 48 10 25
17 42 10 25
37 31 10 25
43 19 10 25
20 15 10 25
10 4 10 25
44 17 10 25
38 42 10 26
47 33 10 26
32 43 10 26
49 20 10 15
43 22 10 15
23 45 10 15
5 33 10 15
10 45 10 15
24 31 10 15
23 31 10 15
13 42 10 15
44 24 10 15
22 30 10 15
2 39 10 15
38 16 10 15
29 45 10 15
13 46 10 15
47 33 10 15
10 25 10 15
11 30 10 15
22 28 10 15
10 1 10 15
2 1 10 15
18 3 10 15
47 18 10 15
39 0 10 15
49 9 10 15
24 42 10 15
49 6 10 15
13 43 10 15
1 6 10 15
11 35 10 15
49 3 10 1
30 31 10 1
15 29 10 1
19 25 10 1
21 9 10 1
37 27 10 1
47 48 10 1
49 20 10 1
4 49 10 1
3 36 10 1
6 41 10 1
13 45 10 1
30 25 10 1
28 14 10 1
19 26 10 1
43 22 10 1
41 28 10 1
21 45 10 1
23 12 10 1
16 44 10 1
5 38 10 1
19 12 10 1
43 27 10 45
49 45 10 45
20 15 10 45
23 16 10 45
5 20 10 45
26 30 10 45
1 25 10 45
7 25 10 45
37 27 10 45
6 41 10 45
43 19 10 45
16 44 10 45
4 35 10 45
2 27 10 45
47 16 10 45
29 37 10 45
44 1 10 45
21 41 10 45
31 7 10 45
13 26 10 45
15 19 10 45
45 19 10 45
14 15 10 45
31 12 10 45
31 16 10 45
47 48 10 45
27 14 10 45
29 5 10 45
5 48 10 45
23 45 10 45
22 40 10 45
11 30 10 45
13 43 10 45
47 1 10 45
10 4 10 45
49 45 10 4
45 19 10 4
24 32 10 4
14 6 10 4
34 10 10 4
6 17 10 4
49 9 10 4
47 18 10 4
38 42 10 4
24 31 10 4
31 7 10 4
31 12 10 4
30 25 11 35
44 40 22 28
47 38 22 28
34 2 22 28
49 3 22 28
39 0 22 28
1 13 22 28
4 49 22 28
14 9 22 28
29 34 22 28
18 35 22 28
19 5 22 28
24 31 22 28
3 35 22 28
1 43 22 28
46 4 22 28
0 38 22 28
6 43 22 28
32 11 22 28
43 39 22 28
14 6 22 28
43 22 22 28
20 35 22 28
0 31 22 28
47 6 22 28
42 9 22 28
23 45 22 28
49 20 22 28
21 41 22 28
27 14 22 28
4 0 22 28
25 45 11 41
47 18 11 41
1 25 11 41
11 2 11 41
49 3 11 41
17 46 11 41
1 43 11 41
47 1 11 41
16 44 11 41
13 27 11 41
35 27 11 41
47 38 11 41
46 37 11 41
42 10 11 2
44 1 11 2
32 43 11 2
37 22 11 44
47 48 11 44
20 30 11 44
39 0 11 44
24 31 11 44
29 37 11 44
1 38 11 44
44 28 11 44
47 1 11 44
44 17 11 44
24 30 11 44
44 36 11 44
30 31 11 44
24 37 11 16
32 17 11 16
24 30 11 16
47 16 11 30
24 10 11 30
29 37 11 30
19 26 11 30
8 28 11 30
34 10 11 30
44 28 11 30
21 45 11 30
45 19 11 30
22 47 11 30
30 25 11 30
15 25 11 30
2 39 11 30
3 27 11 30
38 21 11 30
14 6 11 30
4 25 11 30
32 17 11 30
32 43 11 30
24 31 11 30
38 26 11 30
17 42 11 30
44 17 11 30
24 30 11 30
14 48 11 30
49 9 11 30
46 42 11 30
10 1 11 30
44 28 12 40
24 37 12 40
42 1 12 40
1 6 12 40
31 7 12 40
34 10 12 40
39 0 12 40
27 14 12 40
9 29 12 40
44 28 12 36
49 3 12 36
6 43 12 36
34 2 12 36
1 32 12 36
24 42 12 36
47 1 12 36
10 4 12 36
30 31 12 36
12 32 12 36
13 43 12 36
24 10 12 36
22 45 12 36
47 16 12 36
14 25 12 36
15 19 12 36
47 18 12 32
47 16 12 32
43 8 12 32
31 16 12 32
33 8 12 32
17 46 12 32
42 10 12 32
6 18 12 32
16 32 12 32
47 1 13 45
38 21 13 45
22 47 13 45
5 38 13 45
24 30 13 45
21 45 13 45
2 39 13 45
43 19 13 45
24 29 13 45
43 39 13 45
10 26 13 45
47 33 13 45
47 18 13 45
20 26 13 45
13 42 13 45
27 14 13 45
19 12 13 45
15 29 13 45
30 25 13 45
17 35 13 45
23 31 13 45
1 25 13 45
40 21 13 45
42 9 13 45
4 49 13 45
37 22 13 46
33 18 13 46
11 16 13 46
5 30 13 46
27 14 13 46
7 25 13 46
44 28 13 46
29 45 13 46
21 48 13 46
22 30 13 46
44 40 13 46
22 47 13 46
47 18 13 42
42 9 13 42
45 4 13 42
9 45 13 42
29 34 13 42
10 25 13 42
38 26 13 42
1 25 13 42
2 1 13 42
31 32 13 42
25 45 13 42
1 38 13 42
16 44 13 42
6 43 13 42
48 42 13 42
29 5 13 42
42 1 13 42
6 28 13 42
44 4 13 42
22 12 13 42
16 22 13 42
15 45 13 42
14 9 13 42
1 6 13 42
5 30 13 42
33 8 13 42
42 1 13 26
31 32 13 26
14 48 13 26
10 25 13 26
46 4 13 26
44 1 13 26
7 40 13 26
38 42 13 26
5 48 13 26
15 45 13 26
38 26 13 26
23 45 13 26
1 43 13 26
41 28 13 26
10 1 13 26
3 27 13 26
24 32 13 26
44 17 13 26
24 34 13 26
29 45 13 27
38 21 13 27
15 48 13 27
12 32 13 27
32 17 13 27
18 34 13 27
32 11 13 27
49 20 13 27
8 28 13 27
5 30 13 27
43 19 13 27
6 41 13 27
18 35 13 27
22 30 13 27
37 31 13 27
43 11 13 27
11 44 13 27
43 39 13 27
1 13 13 27
33 8 13 27
13 42 13 27
45 19 13 27
16 32 13 27
45 4 13 27
0 37 13 27
47 6 13 27
14 48 13 27
14 25 13 27
44 40 13 27
37 22 13 27
47 33 13 27
0 48 13 27
49 6 13 27
15 45 13 27
44 28 13 27
47 1 13 27
5 48 13 27
22 28 13 27
33 18 13 27
37 27 13 43
34 2 13 43
26 30 13 43
49 3 13 43
46 42 13 43
22 45 13 43
18 17 13 43
29 5 13 43
31 16 13 43
46 4 13 43
49 45 13 43
47 48 13 43
22 47 13 43
44 36 13 43
49 6 13 43
32 17 13 43
19 25 13 43
31 12 13 43
16 44 13 43
29 45 13 43
17 14 13 43
14 9 13 43
6 32 13 43
43 8 13 43
20 35 13 43
17 46 13 43
45 4 13 43
22 45 14 25
49 23 14 25
8 9 14 25
13 43 14 25
16 44 14 25
2 39 14 25
42 9 14 25
24 34 14 25
44 24 14 25
48 42 14 25
16 32 14 25
15 19 14 25
15 25 14 25
45 4 14 25
6 41 14 25
44 14 14 25
19 26 14 25
47 1 14 25
1 25 14 25
32 11 14 25
5 20 14 25
1 13 14 25
44 1 14 25
28 5 14 25
3 35 14 25
49 6 14 25
6 43 14 25
13 26 14 25
47 11 14 25
14 48 14 25
46 32 14 25
44 17 14 25
25 45 22 45
34 10 22 45
49 23 22 45
4 0 22 45
37 45 22 45
29 45 22 45
11 16 22 45
49 9 22 45
10 45 22 45
20 26 22 45
13 27 22 45
31 16 22 45
6 43 22 45
23 44 22 45
43 11 14 48
45 4 14 48
10 25 14 48
5 20 14 48
33 18 14 48
4 49 14 48
1 38 14 48
47 1 14 48
43 22 14 48
43 8 14 48
11 44 14 48
15 45 14 48
7 33 14 48
23 45 14 48
31 7 14 48
18 34 14 48
32 11 14 48
47 11 14 48
23 16 14 48
35 27 14 48
13 46 14 48
44 24 14 9
49 6 14 9
11 30 14 9
18 35 14 9
31 12 14 9
0 49 14 9
12 32 14 9
18 28 14 9
34 10 14 9
31 16 14 9
27 14 14 9
26 30 14 9
6 32 14 9
28 14 14 9
29 45 14 9
43 47 14 9
23 12 14 9
24 37 14 6
31 12 14 6
47 48 14 6
0 49 14 6
22 40 14 6
15 19 14 6
32 17 14 6
11 35 14 6
0 31 14 6
13 27 14 6
10 15 14 6
44 1 14 6
13 43 14 6
0 38 14 6
8 28 14 6
6 18 14 6
35 38 14 6
49 23 14 6
10 1 14 6
49 20 14 6
24 31 14 6
13 42 14 6
18 28 14 6
16 44 14 6
18 35 14 6
35 27 14 6
43 47 14 6
8 9 14 6
5 30 14 6
28 14 14 6
31 16 14 15
47 16 14 15
23 44 14 15
17 35 14 15
31 32 14 15
7 33 14 15
0 31 14 15
30 25 14 15
21 9 14 15
8 9 14 15
35 38 14 15
37 45 14 15
6 41 14 15
35 5 14 15
3 36 14 15
23 16 14 15
13 46 14 15
13 43 14 15
42 10 14 15
27 14 14 15
5 30 14 15
17 14 14 15
47 18 14 15
13 45 14 15
22 12 15 25
6 41 15 25
14 48 15 25
16 22 15 25
47 33 15 25
11 35 15 25
12 32 15 25
23 12 15 25
43 22 15 25
6 43 15 25
42 9 15 25
10 4 15 25
31 12 15 25
19 5 15 25
47 1 15 25
23 16 15 25
24 29 15 25
23 45 15 25
49 20 22 12
31 32 22 12
25 45 22 12
43 11 22 12
4 49 22 12
6 41 22 12
9 0 22 12
11 35 22 12
20 26 22 12
13 26 22 12
17 14 22 12
21 9 22 12
7 25 22 12
32 43 22 12
35 10 22 12
44 14 22 12
4 0 22 12
13 43 22 12
5 48 22 12
42 1 22 12
28 14 15 45
43 39 15 45
2 39 15 45
2 1 15 45
9 0 15 45
23 31 15 48
18 42 15 48
23 12 15 48
5 38 15 48
15 25 15 48
1 32 15 48
8 48 15 48
23 16 15 48
30 25 15 48
24 30 15 48
3 35 15 48
10 15 15 48
29 5 15 48
9 25 15 48
19 26 15 48
24 37 15 48
12 32 15 48
44 28 15 48
6 28 15 48
2 39 15 48
49 6 15 48
10 4 15 48
49 9 15 48
14 48 15 48
30 25 20 15
25 45 20 15
44 14 20 15
44 4 20 15
39 0 20 15
29 34 20 15
18 42 20 15
43 22 20 15
32 43 20 15
10 1 20 15
6 43 20 15
18 3 20 15
38 21 20 15
16 22 20 15
5 20 20 15
24 37 20 15
5 38 20 15
44 28 20 15
14 25 20 15
13 26 20 15
47 33 20 15
49 6 20 15
31 32 20 15
37 31 20 15
13 46 20 15
19 25 20 15
21 45 20 15
17 46 20 15
20 15 23 31
38 42 23 31
35 10 23 31
44 17 23 31
27 14 23 31
39 0 23 31
0 38 23 31
30 31 23 31
26 30 23 31
35 10 15 19
19 5 15 19
17 42 15 29
43 22 15 29
44 4 17 42
32 43 17 42
47 16 17 42
48 42 17 42
11 35 17 42
31 12 17 42
11 2 17 42
28 14 17 42
41 28 17 42
6 32 17 42
22 12 17 42
1 25 17 42
23 16 17 42
34 2 17 42
22 30 17 42
31 7 17 42
35 10 16 44
35 5 16 44
44 40 16 44
6 17 16 44
44 36 16 44
49 6 16 44
9 45 16 44
4 25 16 44
26 30 16 44
28 14 16 32
44 1 16 32
21 45 16 32
22 47 16 32
4 48 16 32
3 36 16 32
42 1 16 32
20 30 16 32
37 22 16 32
24 34 16 32
3 27 16 32
15 25 16 32
43 22 16 32
11 41 16 32
20 26 16 32
10 26 16 32
8 28 16 32
19 26 16 32
23 12 16 32
47 48 16 15
44 14 16 15
28 5 16 15
29 37 16 15
29 34 16 15
31 7 16 15
32 11 16 15
33 18 16 15
33 8 16 15
34 10 16 15
34 2 16 15
35 5 16 15
35 27 16 15
36 1 16 15
37 31 16 15
38 21 16 15
40 21 16 15
41 28 16 15
43 8 16 15
43 47 16 15
43 22 16 15
43 19 16 15
44 17 16 15
44 36 16 15
45 19 16 15
46 11 16 15
46 37 16 15
46 4 16 15
46 32 16 15
47 38 16 15
47 6 16 15
47 11 16 15
49 6 16 15
17 35 16 15
44 24 16 15
5 30 16 15
2 27 16 15
44 4 16 15
49 20 16 15
49 3 16 15
6 28 16 15
5 20 24 37
4 48 24 37
13 27 24 37
3 35 24 37
23 16 24 37
13 46 24 37
14 9 24 37
1 38 24 37
34 10 24 37
32 43 24 37
14 48 24 37
15 29 24 37
44 14 24 37
44 1 24 37
42 10 24 37
6 28 24 37
21 9 24 37
35 27 24 37
45 4 24 37
35 10 24 37
4 0 24 37
49 23 24 37
20 30 24 37
37 27 24 37
10 4 24 37
1 25 24 37
43 27 24 37
47 38 24 37
21 41 24 37
15 25 24 37
30 25 24 37
17 35 24 37
1 43 24 37
2 27 24 37
43 22 24 10
13 42 24 10
18 42 24 10
47 11 24 10
1 38 24 10
45 4 24 10
13 46 24 10
19 12 24 10
14 25 24 10
11 41 24 10
8 9 24 10
49 45 24 10
20 30 24 10
31 32 24 10
14 48 24 10
20 15 24 10
5 20 24 10
10 4 24 10
10 15 24 10
1 6 24 10
49 9 24 10
44 36 24 10
10 1 24 10
8 48 24 10
5 48 24 10
1 25 25 45
2 27 26 30
6 17 26 30
44 14 26 30
4 35 26 30
18 3 26 30
43 22 26 30
49 6 26 30
39 0 26 30
49 45 26 30
24 42 26 30
16 32 26 30
29 37 26 30
49 20 26 30
3 35 26 30
7 25 26 30
34 10 26 30
31 32 26 30
37 22 26 30
24 31 26 30
36 1 26 30
43 19 26 30
33 8 26 30
3 27 27 14
0 48 27 14
15 25 27 14
19 26 27 14
49 9 27 14
14 48 27 14
3 35 27 14
0 31 27 14
6 46 27 14
44 36 27 14
8 28 27 14
44 14 27 14
16 44 27 14
6 28 27 14
6 41 27 14
16 22 27 14
22 40 27 14
2 27 27 14
29 45 28 14
0 48 28 5
43 47 28 5
43 27 28 5
21 48 28 5
43 11 28 5
33 8 28 5
20 26 28 5
6 18 28 5
43 39 28 5
24 37 28 5
22 30 28 5
16 44 28 5
26 30 28 5
4 49 28 5
13 45 28 5
45 4 28 5
8 28 28 5
38 26 28 5
37 31 28 5
44 40 29 45
33 8 29 45
19 12 29 45
44 24 29 45
39 0 29 45
43 8 29 45
11 35 29 45
0 38 29 45
20 35 29 45
21 48 29 45
21 45 29 45
11 30 29 45
47 16 29 45
47 11 29 45
32 43 29 45
24 42 29 45
23 45 29 37
38 16 29 37
10 4 29 37
15 29 29 37
3 27 29 37
15 25 29 37
27 14 29 37
29 45 29 37
30 25 29 37
18 42 29 37
9 29 29 37
42 1 29 37
6 28 29 37
45 4 29 37
22 30 29 5
44 36 29 5
24 42 29 5
10 15 29 5
20 15 29 5
18 34 29 5
43 11 29 5
32 11 29 5
10 26 29 5
11 35 29 5
15 19 29 5
12 36 29 5
4 48 29 5
44 36 29 34
49 23 29 34
38 16 29 34
14 48 29 34
1 6 29 34
44 4 29 34
37 27 29 34
36 1 29 34
44 17 29 34
5 33 29 34
31 16 29 34
44 40 29 34
8 48 29 34
46 37 29 34
7 40 29 34
13 45 29 34
4 49 29 34
14 9 29 34
23 45 29 34
32 43 29 34
49 9 29 34
11 44 30 25
4 25 30 25
47 6 30 25
23 45 30 25
2 39 30 25
43 8 30 25
32 17 30 25
8 9 30 25
4 49 30 25
1 6 30 25
49 9 30 25
4 35 30 25
13 27 30 25
0 48 30 25
6 41 30 25
24 32 30 25
21 41 30 25
29 45 30 25
22 12 30 25
48 42 30 25
21 48 30 25
1 45 30 25
16 32 30 25
29 34 30 25
7 40 30 25
10 4 30 25
47 1 30 25
18 42 30 25
47 6 30 31
16 44 30 31
46 11 30 31
33 8 30 31
38 42 30 31
20 35 30 31
43 11 30 31
10 15 30 31
43 47 30 31
9 29 30 31
21 48 30 31
41 28 30 31
15 48 31 12
1 13 31 12
8 48 31 12
45 4 31 12
49 3 31 12
39 0 31 12
21 9 31 12
19 12 31 12
5 38 31 12
10 15 31 12
3 35 31 12
6 43 31 12
47 48 31 12
18 3 31 12
24 37 31 12
22 12 31 12
41 28 31 12
2 27 31 12
11 35 31 12
9 0 31 12
13 26 31 12
47 18 31 12
11 44 31 12
30 25 31 12
31 7 31 12
22 28 31 12
1 43 31 16
31 7 31 16
18 34 31 16
10 26 31 16
34 2 31 16
2 27 31 16
25 45 31 16
15 29 31 16
1 6 31 16
0 38 31 16
32 43 31 16
21 45 31 16
17 46 31 16
32 11 31 16
23 45 31 16
16 32 31 16
18 42 31 16
49 23 31 16
47 33 31 16
6 17 31 16
35 10 31 32
11 44 31 32
34 2 31 32
20 35 31 32
47 16 31 32
29 5 31 32
5 30 31 32
49 6 31 32
11 35 31 32
47 6 31 32
14 9 31 32
10 45 31 32
17 14 31 32
16 32 31 32
23 44 31 32
38 42 31 32
10 15 31 32
3 27 31 32
23 31 31 32
46 32 31 32
30 31 31 32
18 17 31 32
21 45 31 32
8 9 31 7
40 21 31 7
11 16 31 7
4 0 31 7
1 6 31 7
49 6 31 7
11 41 31 7
2 39 31 7
9 45 31 7
6 28 31 7
28 5 31 7
19 12 31 7
46 4 32 43
15 25 32 43
39 0 32 43
23 16 32 43
43 11 32 43
9 45 32 43
28 14 32 43
14 9 32 43
34 10 32 11
15 45 32 11
44 28 32 11
42 10 32 11
14 15 32 11
30 25 32 11
47 16 32 11
43 27 32 11
41 28 32 11
22 45 32 11
5 30 32 11
24 37 32 11
48 42 32 11
44 24 32 11
24 32 32 11
13 46 32 11
1 25 32 11
10 25 32 11
28 5 32 11
6 46 32 11
44 36 32 11
46 37 32 11
23 16 32 11
8 28 32 11
47 6 32 11
22 12 32 11
49 9 32 11
30 31 32 11
47 33 32 11
43 11 32 11
6 41 32 11
21 9 32 11
3 36 32 11
38 42 32 17
8 28 32 17
45 19 32 17
43 47 32 17
9 29 32 17
3 27 32 17
0 49 32 17
14 15 32 17
0 48 32 17
31 12 32 17
48 42 32 17
10 45 33 18
1 32 33 18
46 37 33 18
11 44 33 18
45 19 33 18
44 17 33 18
24 32 33 18
13 42 33 18
10 1 33 18
21 48 33 18
29 34 33 18
3 36 33 18
36 1 33 18
9 25 33 18
49 3 33 18
49 9 33 18
8 48 33 18
5 20 33 18
23 31 33 18
28 5 33 18
2 27 33 18
49 45 33 18
47 16 33 18
24 30 33 8
35 38 33 8
10 1 33 8
0 48 33 8
44 28 33 8
0 31 33 8
4 25 33 8
9 29 33 8
46 42 33 8
49 6 33 8
17 46 33 8
24 37 33 8
44 36 33 8
32 11 33 8
49 3 33 8
10 15 33 8
11 35 33 8
37 31 33 8
8 28 33 8
13 26 33 8
47 6 33 8
4 0 33 8
2 39 33 8
16 44 34 10
15 48 34 10
0 48 34 10
43 47 34 10
43 8 34 2
44 36 34 2
47 1 34 2
47 11 34 2
4 35 34 2
14 25 34 2
33 18 34 2
18 28 34 2
13 26 34 2
10 15 35 38
32 17 35 38
20 26 35 38
45 19 35 38
29 37 35 38
32 43 35 38
16 22 35 38
30 25 35 38
24 37 35 38
47 16 35 38
4 35 35 38
14 48 35 38
10 1 35 38
20 15 35 38
10 25 35 38
32 11 35 10
10 1 35 10
46 42 35 10
34 2 35 10
20 15 35 10
46 42 35 5
31 16 35 5
8 9 35 5
22 40 35 5
4 49 35 5
49 9 35 5
0 48 35 5
14 6 35 5
17 14 35 5
18 35 35 5
13 27 35 5
12 40 35 5
32 11 35 5
11 2 35 5
14 25 35 5
46 32 35 5
11 44 35 5
24 31 35 5
34 10 35 5
21 41 35 5
29 5 35 5
2 1 35 5
12 36 35 5
37 22 35 27
3 35 35 27
47 6 35 27
4 35 35 27
22 47 35 27
30 31 35 27
18 17 35 27
1 13 35 27
15 25 35 27
29 34 35 27
47 16 35 27
13 26 35 27
15 48 35 27
10 25 35 27
15 45 35 27
24 32 35 27
8 48 35 27
11 30 35 27
12 36 35 27
44 40 35 27
44 24 35 27
39 0 35 27
44 28 35 27
21 48 35 27
47 11 37 31
5 20 37 31
45 19 37 31
15 45 37 31
44 24 37 31
37 27 37 31
33 18 37 31
43 27 37 31
35 38 37 27
35 10 37 27
11 44 37 27
2 39 37 27
22 45 37 27
2 1 37 27
9 17 37 27
42 9 37 27
30 25 37 27
6 32 37 27
20 26 37 27
17 42 37 27
13 27 37 27
29 45 37 27
45 4 37 27
17 46 37 27
47 33 37 27
28 5 37 27
12 36 37 27
5 48 37 27
6 41 37 27
17 14 37 27
38 42 37 27
31 12 37 27
5 33 37 27
33 18 37 27
47 1 37 27
30 31 37 27
24 30 37 27
43 47 37 27
42 1 37 27
3 36 37 27
46 4 37 27
42 10 37 27
19 25 37 27
31 16 37 27
47 11 37 27
4 49 37 22
21 45 37 22
43 39 37 22
11 41 37 22
20 15 37 22
12 32 37 22
35 38 37 22
0 38 37 22
1 6 37 22
6 43 37 22
25 45 37 22
46 4 37 22
27 14 37 22
38 42 37 22
21 9 37 22
10 25 37 22
23 45 37 22
3 35 37 22
38 26 37 22
38 21 37 22
44 17 37 22
15 19 37 22
46 32 37 22
1 13 37 22
49 9 37 22
37 31 37 22
42 1 37 45
21 9 37 45
6 46 37 45
29 37 37 45
19 5 37 45
44 24 37 45
11 30 37 45
31 7 37 45
43 11 37 45
7 33 37 45
4 35 37 45
34 10 37 45
10 26 37 45
32 43 37 45
1 45 37 45
43 19 37 45
11 41 37 45
3 36 37 45
24 37 37 45
6 18 37 45
4 49 37 45
13 45 37 45
5 30 37 45
16 32 37 45
37 31 37 45
18 42 37 45
45 4 37 45
47 6 37 45
43 22 37 45
0 38 37 45
32 11 37 45
42 9 37 45
9 17 38 26
6 46 38 26
36 1 38 26
14 6 38 26
22 47 38 26
5 30 38 26
21 45 38 26
47 18 38 26
9 45 38 26
18 3 38 26
43 39 38 26
19 26 38 26
18 35 38 26
11 41 38 26
15 48 38 26
15 45 38 26
17 42 38 26
1 43 38 26
14 9 38 26
8 9 38 26
26 30 38 26
47 38 38 26
19 12 38 26
1 13 38 26
6 41 38 42
31 7 38 42
42 9 38 42
11 30 38 42
3 36 38 42
23 12 38 42
6 28 38 42
24 31 38 42
28 5 38 42
14 9 38 42
15 45 38 42
9 45 38 42
46 11 38 42
40 21 38 42
13 27 38 42
7 33 38 42
13 46 38 42
14 15 38 42
6 32 38 42
1 43 38 42
49 9 38 42
21 45 38 21
24 37 38 21
14 9 38 21
35 5 38 21
37 45 38 21
2 39 38 21
18 35 38 21
3 35 38 21
13 43 38 21
26 30 38 21
44 24 38 21
17 14 38 21
45 4 38 21
7 40 38 21
9 45 38 21
19 5 38 21
18 42 38 21
4 35 38 21
44 36 38 21
1 32 38 21
49 3 38 21
22 12 38 21
47 48 38 16
47 38 38 16
19 26 38 16
38 21 38 16
37 45 38 16
43 19 38 16
22 30 38 16
29 5 38 16
28 14 39 0
46 11 39 0
0 37 39 0
38 26 39 0
10 4 39 0
10 45 39 0
18 42 39 0
49 20 39 0
13 43 39 0
13 26 39 0
38 42 39 0
10 1 39 0
35 5 39 0
8 28 39 0
38 21 39 0
0 31 39 0
24 37 39 0
1 45 39 0
41 28 39 0
40 21 39 0
44 28 39 0
30 25 39 0
42 9 39 0
21 9 39 0
22 40 39 0
49 9 39 0
5 38 39 0
12 36 39 0
8 9 39 0
43 19 39 0
37 27 39 0
37 31 39 0
19 25 39 0
17 46 39 0
44 40 40 21
6 28 41 28
22 28 41 28
28 5 41 28
11 41 41 28
4 35 41 28
16 32 41 28
12 40 41 28
1 43 41 28
27 14 41 28
37 27 41 28
21 9 41 28
6 43 41 28
23 16 41 28
3 27 41 28
4 48 41 28
42 9 41 28
6 41 41 28
47 38 41 28
40 21 41 28
47 18 41 28
14 48 41 28
35 10 41 28
44 4 41 28
11 44 41 28
43 8 41 28
6 46 41 28
1 6 41 28
47 6 41 28
18 35 41 28
2 27 41 28
22 12 41 28
45 19 41 28
33 18 42 1
48 42 42 1
1 6 42 1
24 10 42 1
1 32 42 1
49 9 42 1
13 46 42 1
38 42 42 1
21 48 42 1
42 10 42 1
33 8 42 1
14 25 42 1
44 40 42 1
24 31 42 1
44 14 42 1
5 33 42 1
23 31 42 1
11 41 42 1
9 45 42 1
20 35 42 1
49 23 42 1
16 15 42 1
47 33 42 1
9 17 42 1
0 49 42 1
11 16 42 1
49 3 42 1
9 0 42 1
11 30 42 1
6 28 42 1
33 18 42 10
44 4 42 10
48 42 42 10
9 25 42 10
11 35 42 10
12 36 42 10
22 40 42 10
49 3 42 10
21 41 42 10
15 25 42 10
39 0 42 10
45 4 42 10
34 10 42 10
6 17 42 10
4 0 42 10
13 43 42 10
14 48 42 10
6 18 42 10
30 25 42 10
13 42 42 10
5 38 42 10
15 29 42 10
10 26 42 10
30 31 42 10
4 49 42 9
16 15 42 9
24 37 42 9
10 45 42 9
29 34 42 9
29 45 42 9
48 42 42 9
33 18 43 8
44 4 43 8
16 32 43 8
4 0 43 8
45 19 43 8
15 25 43 8
12 36 43 39
27 14 43 39
29 5 43 39
2 1 43 47
47 1 43 47
49 45 43 47
36 1 43 22
38 21 43 22
18 28 43 22
6 43 43 22
44 14 43 22
20 30 43 22
27 14 43 22
25 45 43 22
46 42 43 22
4 49 43 22
21 9 43 22
22 40 43 22
5 20 43 22
1 45 43 22
40 21 43 22
43 19 43 22
34 2 43 22
43 47 43 22
41 28 43 22
8 48 43 22
49 3 43 22
1 38 43 22
0 37 43 22
8 9 43 22
44 24 43 22
6 17 43 22
47 1 43 22
14 9 43 22
42 10 43 22
3 35 43 22
47 16 43 22
19 25 43 22
31 7 43 22
42 9 43 27
24 30 43 19
2 1 43 19
31 32 43 19
17 42 43 19
16 32 43 19
22 28 43 19
24 31 43 19
24 29 43 11
46 37 43 11
35 27 43 11
2 1 44 17
47 33 44 17
33 8 44 17
19 26 44 17
39 0 44 17
42 9 44 17
23 16 44 17
49 6 44 1
46 32 44 1
35 5 44 1
43 22 44 1
1 13 44 1
36 1 44 1
47 38 44 4
46 37 44 4
31 12 44 4
47 1 44 4
47 6 44 4
45 4 44 4
2 39 44 4
47 48 44 4
47 33 44 4
4 0 44 4
38 42 44 4
48 42 44 4
6 43 44 40
10 26 44 40
15 45 44 40
28 14 44 40
2 1 44 40
0 49 44 40
36 1 44 28
18 28 44 28
18 3 44 28
27 14 44 28
10 1 44 28
18 42 44 28
7 33 44 28
29 45 44 28
2 27 44 28
25 45 44 28
29 34 44 28
16 32 44 28
23 16 44 28
9 45 44 28
17 14 44 28
9 17 44 28
24 29 44 28
24 42 44 28
3 36 44 28
6 17 44 28
0 38 44 28
11 35 44 28
15 45 44 28
9 25 44 28
4 0 44 28
3 27 44 28
38 26 44 28
11 16 44 14
19 25 44 14
10 45 44 14
33 8 44 14
23 44 44 14
31 12 44 14
32 43 44 14
29 5 44 14
10 15 44 14
45 19 44 14
37 31 44 36
7 33 44 36
22 28 44 36
42 1 44 36
6 17 44 36
30 25 44 36
47 16 44 36
15 29 44 36
38 26 44 36
1 6 44 36
22 40 44 36
22 30 44 36
47 33 44 36
5 48 44 36
42 9 44 36
24 34 44 36
13 42 44 36
0 38 44 36
10 26 44 24
22 45 44 24
46 32 44 24
43 47 44 24
19 12 44 24
19 5 44 24
49 20 44 24
26 30 44 24
2 1 44 24
22 28 44 24
47 16 44 24
10 1 44 24
15 29 44 24
24 37 44 24
34 2 44 24
11 41 44 24
44 28 44 24
37 22 44 24
47 38 44 24
15 19 44 24
24 42 44 24
10 45 44 24
11 2 44 24
16 22 44 24
31 7 44 24
11 44 44 24
18 28 44 24
43 27 44 24
10 4 44 24
40 21 44 24
47 11 44 24
35 38 44 24
1 38 44 24
3 35 44 24
43 8 44 24
38 26 44 24
17 35 44 24
46 42 45 19
46 32 45 19
19 25 45 19
1 25 45 19
9 25 45 19
38 42 45 19
22 30 45 19
14 15 45 19
9 0 45 19
18 28 45 19
26 30 45 19
10 1 45 19
27 14 45 19
13 42 45 19
23 45 45 19
35 10 45 19
16 22 45 19
28 14 45 19
46 37 45 19
5 30 45 19
17 42 45 19
32 43 45 19
11 2 45 19
9 45 45 19
29 37 45 19
38 21 45 19
22 28 45 19
11 16 45 19
47 16 45 19
44 4 45 19
46 4 45 19
13 45 45 19
35 5 45 19
10 15 45 19
42 1 45 19
24 31 45 4
2 1 45 4
0 38 45 4
21 45 46 11
28 5 46 11
37 27 46 11
44 14 46 11
46 42 46 11
43 11 46 11
31 7 46 11
17 35 46 11
44 1 46 11
17 42 46 11
46 32 46 11
21 9 46 11
44 40 46 11
15 48 46 11
13 43 46 11
10 4 46 11
31 16 46 11
20 26 46 11
5 33 46 11
10 15 46 11
2 27 46 11
26 30 46 11
18 35 46 11
49 3 46 11
15 45 46 11
16 44 46 11
34 10 46 11
1 38 46 11
18 42 46 11
49 9 46 11
48 42 46 11
25 45 46 11
0 48 46 11
19 12 46 11
23 45 46 11
2 1 46 11
41 28 46 11
37 45 46 11
0 48 46 37
32 43 46 37
6 41 46 37
20 26 46 37
42 10 46 37
15 19 46 37
0 49 46 37
19 26 46 4
38 26 46 4
34 10 46 4
20 15 46 4
6 17 46 4
1 45 46 32
49 6 46 32
38 21 46 32
47 1 46 42
9 45 46 42
44 1 46 42
44 17 46 42
8 48 46 42
14 6 46 42
2 39 46 42
47 18 46 42
47 6 46 42
17 14 46 42
29 5 46 42
11 2 46 42
12 32 46 42
44 40 46 42
31 32 46 42
28 5 46 42
42 10 46 42
16 15 46 42
38 21 46 42
30 25 46 42
24 34 46 42
32 17 46 42
39 0 46 42
18 17 46 42
20 26 46 42
46 4 47 16
5 38 47 16
17 14 47 16
10 25 47 16
11 35 47 16
23 31 47 16
38 16 47 16
22 45 47 38
13 26 47 38
7 25 47 38
0 48 47 38
26 30 47 38
39 0 47 38
3 36 47 38
44 1 47 38
30 25 47 38
38 42 47 38
37 27 47 38
22 40 47 38
9 17 47 48
29 5 47 48
21 48 47 48
49 23 47 48
44 14 47 48
33 8 47 48
49 45 47 48
10 4 47 48
44 24 47 48
30 31 47 48
35 10 47 48
46 4 47 1
22 47 47 1
24 30 47 1
10 1 47 1
5 20 47 1
34 10 47 1
15 19 47 1
13 43 47 1
35 5 47 1
2 1 47 1
23 12 47 1
13 26 47 1
0 38 47 1
49 6 47 1
10 25 47 1
22 45 47 1
14 6 47 1
24 29 47 1
43 39 47 1
42 9 47 1
17 46 47 6
49 23 47 6
39 0 47 6
3 35 47 6
8 28 47 6
33 18 47 6
21 48 47 6
24 32 47 6
21 41 47 6
43 27 47 6
28 14 47 6
44 14 47 6
10 45 47 6
47 18 47 6
34 2 47 6
3 36 47 6
4 25 47 6
7 40 47 6
6 28 47 6
13 43 47 6
2 1 47 6
17 35 47 6
12 36 47 6
0 49 47 6
1 25 47 6
49 9 47 6
9 29 47 6
18 17 47 6
21 9 47 6
46 32 47 6
31 16 47 6
38 26 47 6
28 5 47 6
31 12 47 6
47 1 47 18
1 45 47 18
45 4 47 18
4 49 47 18
49 20 47 18
49 45 47 18
9 45 47 18
20 15 47 18
2 1 47 18
16 44 47 18
48 42 47 18
29 5 47 18
47 11 47 18
16 22 47 18
12 36 47 18
23 12 47 18
6 46 47 18
17 35 47 18
9 17 47 18
2 27 47 18
19 25 47 18
19 5 47 18
46 4 47 18
49 3 47 18
24 32 47 18
35 5 47 18
37 31 47 18
15 25 47 18
22 28 47 18
34 2 47 18
0 31 47 18
47 33 47 18
7 33 47 18
21 9 47 18
46 4 47 11
47 6 47 11
5 20 47 11
16 44 47 11
4 48 47 33
15 45 47 33
39 0 47 33
44 14 47 33
47 48 47 33
28 5 47 33
25 45 47 33
13 26 47 33
35 27 47 33
33 8 47 33
6 46 47 33
43 22 47 33
0 38 47 33
3 27 47 33
29 34 47 33
3 36 47 33
11 30 47 33
41 28 47 33
12 36 47 33
15 48 48 42
1 13 48 42
13 46 48 42
21 41 48 42
11 2 48 42
10 4 49 6
44 40 49 6
43 8 49 6
0 48 49 6
13 26 49 6
10 25 49 6
47 16 49 6
12 40 49 6
34 10 49 6
18 3 49 6
20 26 49 6
2 1 49 6
23 31 49 6
18 28 49 6
13 45 49 6
23 44 49 6
3 35 49 6
43 27 49 6
46 37 49 6
14 48 49 6
31 12 49 6
48 42 49 6
42 1 49 6
7 33 49 6
8 9 49 6
46 4 49 6
11 44 49 6
43 47 49 6
35 27 49 6
40 21 49 6
32 43 49 6
38 16 49 6
18 34 49 6
41 28 49 6
49 9 49 6
37 22 49 6
24 37 49 6
4 48 49 6
7 40 49 6
22 47 49 6
44 24 49 6
32 17 49 6
10 26 49 6
10 45 49 6
44 4 49 6
4 35 49 6
22 12 49 6
8 48 49 6
47 18 49 6
17 14 49 6
0 31 49 6
42 10 49 6
32 17 49 3
16 44 49 3
21 45 49 3
4 35 49 3
38 42 49 3
6 43 49 3
13 26 49 3
23 16 49 3
14 15 49 3
35 10 49 3
0 38 49 3
18 17 49 3
6 41 49 3
2 1 49 3
0 31 49 3
42 9 49 3
35 27 49 3
17 14 49 3
1 6 49 3
11 35 49 3
23 45 49 3
20 26 49 3
2 39 49 3
22 47 49 3
2 27 49 3
13 46 49 3
9 29 49 3
46 32 49 3
43 11 49 3
1 13 49 3
17 42 49 3
23 12 49 3
0 48 49 3
38 26 49 3
10 25 49 3
8 48 49 3
31 7 49 3
1 25 49 3
29 5 49 3
47 1 49 3
19 12 49 3
44 28 49 3
1 43 49 3
18 3 49 3
9 45 49 3
3 36 49 3
7 33 49 3
28 14 49 3
15 25 49 3
43 19 49 23
21 41 49 23
28 14 49 23
47 11 49 23
22 12 49 23
10 4 49 23
9 0 49 23
7 25 49 23
10 1 49 23
1 43 49 23
38 26 49 23
11 41 49 23
44 36 49 23
46 4 49 23
22 28 49 23
45 19 49 23
10 15 49 23
35 27 49 23
37 45 49 23
28 5 49 23
8 48 49 23
15 25 49 23
8 9 49 23
44 4 49 23
36 1 49 9
47 48 49 9
37 27 49 9
47 33 49 9
16 15 49 9
6 17 49 9
16 32 49 9
40 21 49 9
11 41 49 9
44 40 49 9
18 42 49 9
1 13 49 9
4 35 49 9
5 48 49 9
11 16 49 9
46 4 49 9
44 14 49 9
31 32 49 9
38 26 49 9
16 44 49 9
46 32 49 9
4 49 49 9
0 48 49 9
15 25 49 9
4 0 49 9
37 45 49 9
24 42 49 9
31 16 49 9
46 32 49 45